#bin	name	chrom	strand	txStart	txEnd	cdsStart	cdsEnd	exonCount	exonStarts	exonEnds	score	name2	cdsStartStat	cdsEndStat	exonFrames
9	ENST00000400457.3	chrY	+	5056089	5742224	5056823	5737942	5	5056089,5098214,5501056,5581774,5737271,	5057459,5100707,5501255,5581798,5742224,	0	PCDH11Y	cmpl	cmpl	0,0,0,1,1,
10	ENST00000297967.9	chrY	+	14622020	14733549	14622119	14733537	4	14622020,14719458,14723116,14733451,	14622591,14719518,14723269,14733549,	0	NLGN4Y	cmpl	cmpl	0,1,1,1,
11	ENST00000324446.3	chrY	-	18872500	18878228	18872500	18872500	2	18872500,18877067,	18872834,18878228,	0	TTTY14	none	none	-1,-1,
11	ENST00000454875.1	chrY	-	18872502	19077118	18872502	18872502	3	18872502,18877067,19077044,	18872834,18877205,19077118,	0	TTTY14	none	none	-1,-1,-1,
73	ENST00000627721.3	chrY	+	386979	405579	386979	386979	2	386979,405406,	387290,405579,	0	RP13-465B17.4	none	none	-1,-1,
73	ENST00000334060.8	chrY	+	624343	659411	630897	658829	6	624343,630465,634617,640820,640998,658784,	624602,631174,634826,640878,641087,659411,	0	SHOX	cmpl	cmpl	-1,0,1,0,1,0,
73	ENST00000381575.6	chrY	+	630806	659411	630897	658829	5	630806,634617,640820,640998,658784,	631174,634826,640878,641087,659411,	0	SHOX	cmpl	cmpl	0,1,0,1,0,
74	ENST00000534940.6	chrY	-	1403138	1453762	1403268	1442236	13	1403138,1412731,1417972,1418981,1421657,1425524,1427733,1432268,1435021,1435693,1439096,1442185,1453617,	1403489,1412854,1418116,1419114,1421842,1425687,1428121,1432377,1435083,1435758,1439144,1442317,1453762,	0	ASMTL	cmpl	cmpl	1,1,1,0,1,0,2,1,2,0,0,0,-1,
74	ENST00000381317.8	chrY	-	1403140	1452873	1403268	1452840	13	1403140,1412731,1417972,1418981,1421657,1425524,1427733,1432268,1435021,1435693,1439096,1442185,1452747,	1403489,1412854,1418116,1419114,1421842,1425687,1428121,1432377,1435083,1435758,1439144,1442317,1452873,	0	ASMTL	cmpl	cmpl	1,1,1,0,1,0,2,1,2,0,0,0,0,
74	ENST00000381333.9	chrY	-	1403140	1452929	1403268	1452840	12	1403140,1412731,1417972,1418981,1421657,1425524,1427733,1432268,1435021,1435693,1442185,1452747,	1403489,1412854,1418116,1419114,1421842,1425687,1428121,1432377,1435083,1435758,1442317,1452929,	0	ASMTL	cmpl	cmpl	1,1,1,0,1,0,2,1,2,0,0,0,
75	ENST00000334651.10	chrY	-	2219515	2500978	2221040	2500925	7	2219515,2243022,2266739,2291501,2408744,2425196,2500816,	2221229,2243230,2266947,2291603,2408813,2425304,2500978,	0	DHRSX	cmpl	cmpl	0,2,1,1,1,1,0,
75	ENST00000381223.9	chrY	-	2486413	2500967	2488634	2490719	2	2486413,2500816,	2490772,2500967,	0	ZBED1	cmpl	cmpl	0,-1,
75	ENST00000381222.7	chrY	-	2486435	2500967	2488634	2490719	2	2486435,2500816,	2490769,2500967,	0	ZBED1	cmpl	cmpl	0,-1,
75	ENST00000381218.8	chrY	-	2488185	2500555	2488634	2490719	2	2488185,2500310,	2490772,2500555,	0	ZBED1	cmpl	cmpl	0,-1,
75	ENST00000444263.5	chrY	+	3002911	3097217	3002911	3002911	3	3002911,3079283,3096994,	3003217,3079341,3097217,	0	LINC00278	none	none	-1,-1,-1,
75	ENST00000425031.1	chrY	+	3002997	3102272	3002997	3002997	4	3002997,3079283,3096994,3102084,	3003217,3079341,3097056,3102272,	0	LINC00278	none	none	-1,-1,-1,-1,
76	ENST00000426699.1	chrY	+	4036496	4100320	4036496	4036496	2	4036496,4099985,	4036720,4100320,	0	AC010084.1	none	none	-1,-1,
79	ENST00000450591.1	chrY	-	6406243	6424145	6406243	6406243	7	6406243,6408146,6408464,6411373,6412222,6419764,6422327,	6406923,6408344,6408543,6411530,6412371,6419851,6424145,	0	TTTY2B	none	none	-1,-1,-1,-1,-1,-1,-1,
79	ENST00000346432.3	chrY	+	6910685	7091683	7025084	7091492	18	6910685,6912087,6978212,7021448,7025034,7042979,7063896,7070195,7070719,7071559,7071732,7074559,7080731,7085897,7086289,7087266,7090088,7091471,	6910982,6912172,6978243,7021537,7025142,7043125,7064149,7070328,7070861,7071623,7071830,7074620,7080853,7085972,7086417,7087432,7090190,7091683,	0	TBL1Y	cmpl	cmpl	-1,-1,-1,-1,0,1,0,1,2,0,1,0,1,0,0,2,0,0,
79	ENST00000355162.6	chrY	+	6910685	7091683	7025084	7091492	18	6910685,6912087,6995803,7021448,7025034,7042979,7063896,7070195,7070719,7071559,7071732,7074559,7080731,7085897,7086289,7087266,7090088,7091471,	6910982,6912172,6995898,7021537,7025142,7043125,7064149,7070328,7070861,7071623,7071830,7074620,7080853,7085972,7086417,7087432,7090190,7091683,	0	TBL1Y	cmpl	cmpl	-1,-1,-1,-1,0,1,0,1,2,0,1,0,1,0,0,2,0,0,
79	ENST00000383032.5	chrY	+	6910685	7091683	7025084	7091492	19	6910685,6912087,6978212,6995803,7021448,7025034,7042979,7063896,7070195,7070719,7071559,7071732,7074559,7080731,7085897,7086289,7087266,7090088,7091471,	6910982,6912172,6978243,6995898,7021537,7025142,7043125,7064149,7070328,7070861,7071623,7071830,7074620,7080853,7085972,7086417,7087432,7090190,7091683,	0	TBL1Y	cmpl	cmpl	-1,-1,-1,-1,-1,0,1,0,1,2,0,1,0,1,0,0,2,0,0,
81	ENST00000624593.1	chrY	-	8549670	8748740	8565557	8633054	7	8549670,8565535,8578519,8622851,8633004,8658651,8748715,	8549795,8565649,8578623,8622893,8633071,8658690,8748740,	0	AC064829.1	cmpl	incmpl	-1,1,2,2,0,-1,-1,
85	ENST00000338981.7	chrY	+	12701230	12860839	12709447	12859416	46	12701230,12708633,12709387,12720588,12722107,12725112,12726574,12735611,12735997,12736410,12738156,12739524,12757191,12758505,12760483,12771067,12773582,12775470,12776648,12778018,12778605,12779525,12786202,12786521,12790406,12791498,12793031,12810178,12810671,12811634,12812829,12816123,12818419,12833687,12837910,12839863,12841009,12842239,12843063,12846332,12846932,12847238,12856339,12856632,12857565,12859278,	12702055,12708693,12709543,12720737,12722187,12725225,12726793,12735727,12736249,12736549,12738309,12739629,12757398,12758642,12760617,12771155,12773925,12775566,12776860,12778259,12778755,12779646,12786333,12786800,12790532,12791624,12793201,12810287,12810818,12811781,12813052,12816344,12818610,12833861,12838052,12840614,12841133,12842465,12843193,12846518,12847153,12847327,12856496,12856845,12857661,12860839,	0	USP9Y	cmpl	cmpl	-1,-1,0,0,2,1,0,0,2,2,0,0,0,0,2,1,2,0,0,2,0,0,1,0,0,0,0,2,0,0,0,1,0,2,2,0,1,2,0,1,1,0,2,0,0,0,
85	ENST00000382896.8	chrY	-	13248378	13480670	13249855	13479665	29	13248378,13251016,13260277,13297706,13298956,13302876,13305398,13306037,13306185,13323554,13324600,13326220,13335562,13355002,13355922,13357876,13359087,13359766,13360429,13366266,13369255,13393858,13396917,13410992,13414734,13449016,13470120,13479253,13479513,	13249882,13251187,13260404,13297848,13299144,13302991,13305547,13306112,13306250,13323760,13324706,13326350,13336335,13355398,13356018,13357969,13359222,13359986,13360528,13366393,13369349,13393893,13396972,13411113,13414793,13449066,13470229,13479317,13480670,	0	UTY	cmpl	cmpl	0,0,2,1,2,1,2,2,0,1,0,2,0,0,0,0,0,2,2,1,0,1,0,2,0,1,0,2,0,
85	ENST00000537580.5	chrY	-	13248378	13480670	13249855	13479665	28	13248378,13260277,13297706,13298956,13302876,13305398,13306037,13306185,13323554,13324600,13326220,13335562,13355002,13355922,13357876,13359087,13359766,13360429,13366266,13369255,13393858,13396917,13410992,13414734,13449016,13470120,13479253,13479513,	13249882,13260404,13297848,13299144,13302991,13305547,13306112,13306250,13323760,13324706,13326350,13336335,13355398,13356018,13357969,13359222,13359986,13360528,13366393,13369349,13393893,13396972,13411113,13414793,13449066,13470229,13479317,13480670,	0	UTY	cmpl	cmpl	0,2,1,2,1,2,2,0,1,0,2,0,0,0,0,0,2,2,1,0,1,0,2,0,1,0,2,0,
85	ENST00000538878.5	chrY	-	13248378	13480670	13249855	13479665	29	13248378,13251016,13260277,13297706,13298956,13302876,13305398,13306037,13306185,13323554,13324600,13326220,13335562,13354785,13355002,13355922,13357876,13359766,13360429,13366266,13369255,13393858,13396917,13410992,13414734,13449016,13470120,13479253,13479513,	13249882,13251187,13260404,13297848,13299144,13302991,13305547,13306112,13306250,13323760,13324706,13326350,13336335,13354833,13355398,13356018,13357969,13359986,13360528,13366393,13369349,13393893,13396972,13411113,13414793,13449066,13470229,13479317,13480670,	0	UTY	cmpl	cmpl	0,0,2,1,2,1,2,2,0,1,0,2,0,0,0,0,0,2,2,1,0,1,0,2,0,1,0,2,0,
85	ENST00000540140.5	chrY	-	13248378	13480670	13249855	13479665	29	13248378,13251016,13260277,13297706,13298956,13302876,13305398,13306037,13306185,13323554,13324600,13326220,13335562,13355002,13355922,13357876,13358463,13359087,13359766,13366266,13369255,13393858,13396917,13410992,13414734,13449016,13470120,13479253,13479513,	13249882,13251187,13260404,13297848,13299144,13302991,13305547,13306112,13306250,13323760,13324706,13326350,13336335,13355398,13356018,13357969,13358553,13359222,13359986,13366393,13369349,13393893,13396972,13411113,13414793,13449066,13470229,13479317,13480670,	0	UTY	cmpl	cmpl	0,0,2,1,2,1,2,2,0,1,0,2,0,0,0,0,0,0,2,1,0,1,0,2,0,1,0,2,0,
85	ENST00000545955.5	chrY	-	13248378	13480670	13249855	13479665	30	13248378,13251016,13260277,13297706,13298956,13302876,13305398,13306037,13306185,13323554,13324600,13326220,13335562,13355002,13355922,13357876,13358463,13359087,13359766,13360429,13366266,13369255,13393858,13396917,13410992,13414734,13449016,13470120,13479253,13479513,	13249882,13251187,13260404,13297848,13299144,13302991,13305547,13306112,13306250,13323760,13324706,13326350,13336335,13355398,13356018,13357969,13358619,13359222,13359986,13360528,13366393,13369349,13393893,13396972,13411113,13414793,13449066,13470229,13479317,13480670,	0	UTY	cmpl	cmpl	0,0,2,1,2,1,2,2,0,1,0,2,0,0,0,0,0,0,2,2,1,0,1,0,2,0,1,0,2,0,
85	ENST00000612274.4	chrY	-	13248378	13480670	13249855	13479665	28	13248378,13251016,13260277,13297706,13298956,13302876,13305398,13306185,13323554,13324600,13326220,13335562,13355002,13355922,13357876,13359087,13359766,13360429,13366266,13369255,13393858,13396917,13410992,13414734,13449016,13470120,13479253,13479513,	13249882,13251187,13260404,13297848,13299144,13302991,13305547,13306250,13323760,13324706,13326350,13336335,13355398,13356018,13357969,13359222,13359986,13360528,13366393,13369349,13393893,13396972,13411113,13414793,13449066,13470229,13479317,13480670,	0	UTY	cmpl	cmpl	0,0,2,1,2,1,2,0,1,0,2,0,0,0,0,0,2,2,1,0,1,0,2,0,1,0,2,0,
85	ENST00000617789.4	chrY	-	13248378	13480670	13249855	13479665	29	13248378,13251016,13260277,13297706,13298956,13302876,13305398,13306037,13306185,13323554,13324600,13326220,13335562,13355002,13355922,13357876,13358463,13359766,13360429,13366266,13369255,13393858,13396917,13410992,13414734,13449016,13470120,13479253,13479513,	13249882,13251187,13260404,13297848,13299144,13302991,13305547,13306112,13306250,13323760,13324706,13326350,13336335,13355398,13356018,13357969,13358619,13359986,13360528,13366393,13369349,13393893,13396972,13411113,13414793,13449066,13470229,13479317,13480670,	0	UTY	cmpl	cmpl	0,0,2,1,2,1,2,2,0,1,0,2,0,0,0,0,0,2,2,1,0,1,0,2,0,1,0,2,0,
85	ENST00000618474.4	chrY	-	13248378	13480670	13249855	13479665	24	13248378,13251016,13260277,13297706,13298956,13302876,13305398,13306037,13306185,13323554,13324600,13326220,13335562,13355002,13355922,13357876,13359766,13360429,13366266,13369255,13410992,13414734,13479253,13479513,	13249882,13251187,13260404,13297848,13299144,13302991,13305547,13306112,13306250,13323760,13324706,13326350,13336335,13355398,13356018,13357969,13359986,13360528,13366393,13369349,13411113,13414793,13479317,13480670,	0	UTY	cmpl	cmpl	0,0,2,1,2,1,2,2,0,1,0,2,0,0,0,0,2,2,1,0,2,0,2,0,
85	ENST00000331397.8	chrY	-	13248378	13480673	13249855	13479665	28	13248378,13251016,13260277,13297706,13298956,13302876,13305398,13306037,13306185,13323554,13324600,13326220,13335562,13355002,13355922,13357876,13359766,13360429,13366266,13369255,13393858,13396917,13410992,13414734,13449016,13470120,13479253,13479513,	13249882,13251187,13260404,13297848,13299144,13302991,13305547,13306112,13306250,13323760,13324706,13326350,13336335,13355398,13356018,13357969,13359986,13360528,13366393,13369349,13393893,13396972,13411113,13414793,13449066,13470229,13479317,13480673,	0	UTY	cmpl	cmpl	0,0,2,1,2,1,2,2,0,1,0,2,0,0,0,0,2,2,1,0,1,0,2,0,1,0,2,0,
85	ENST00000624098.3	chrY	-	13249855	13479665	13249855	13479665	28	13249855,13260277,13297706,13298956,13302876,13305398,13306037,13306185,13323554,13324600,13326220,13335562,13355374,13355922,13357876,13359087,13359766,13360429,13366266,13369255,13393858,13396917,13410992,13414734,13449016,13470120,13479253,13479513,	13249882,13260404,13297848,13299144,13302991,13305547,13306112,13306250,13323760,13324706,13326350,13336335,13355398,13356018,13357969,13359222,13359986,13360528,13366393,13369349,13393893,13396972,13411113,13414793,13449066,13470229,13479317,13479665,	0	UTY	cmpl	cmpl	0,2,1,2,1,2,2,0,1,0,2,0,0,0,0,0,2,2,1,0,1,0,2,0,1,0,2,0,
85	ENST00000362096.8	chrY	-	13297440	13480670	13297702	13479665	25	13297440,13298956,13302876,13305398,13306037,13306185,13323554,13324600,13326220,13335562,13355002,13355922,13357876,13359766,13360429,13366266,13369255,13393858,13396917,13410992,13414734,13449016,13470120,13479253,13479513,	13297848,13299144,13302991,13305547,13306112,13306250,13323760,13324706,13326350,13336335,13355398,13356018,13357969,13359986,13360528,13366393,13369349,13393893,13396972,13411113,13414793,13449066,13470229,13479317,13480670,	0	UTY	cmpl	cmpl	1,2,1,2,2,0,1,0,2,0,0,0,0,2,2,1,0,1,0,2,0,1,0,2,0,
85	ENST00000329134.9	chrY	-	13323033	13480670	13323113	13479665	20	13323033,13323554,13324600,13326220,13335562,13355002,13355922,13357876,13359766,13360429,13366266,13369255,13393858,13396917,13410992,13414734,13449016,13470120,13479253,13479513,	13323368,13323760,13324706,13326350,13336335,13355398,13356018,13357969,13359986,13360528,13366393,13369349,13393893,13396972,13411113,13414793,13449066,13470229,13479317,13480670,	0	UTY	cmpl	cmpl	0,1,0,2,0,0,0,0,2,2,1,0,1,0,2,0,1,0,2,0,
89	ENST00000458667.1	chrY	-	17552799	17579754	17552799	17552799	5	17552799,17554041,17555775,17576702,17579315,	17553954,17554126,17556010,17576820,17579754,	0	FAM224B	none	none	-1,-1,-1,-1,-1,
90	ENST00000419557.1	chrY	+	18326252	18353210	18326252	18326252	5	18326252,18329190,18349999,18351883,18352055,	18326690,18329308,18350234,18351968,18353210,	0	FAM224A	none	none	-1,-1,-1,-1,-1,
90	ENST00000344884.4	chrY	-	18731439	18773715	18731768	18773618	2	18731439,18773105,	18731867,18773715,	0	HSFY2	cmpl	cmpl	0,0,
91	ENST00000452584.5	chrY	-	18932316	19075996	18932316	18932316	5	18932316,19044541,19045241,19068723,19075940,	18932841,19044695,19045291,19068798,19075996,	0	TTTY14	none	none	-1,-1,-1,-1,-1,
92	ENST00000361365.6	chrY	+	20575724	20593154	20575871	20592346	7	20575724,20579607,20582589,20584473,20588023,20589483,20592340,	20575887,20579691,20582693,20584524,20588105,20589575,20593154,	0	EIF1AY	cmpl	cmpl	0,1,1,0,0,1,0,
92	ENST00000382772.3	chrY	+	20575793	20592630	20575871	20592346	6	20575793,20579607,20582589,20588023,20589483,20592340,	20575887,20579691,20582693,20588105,20589575,20592630,	0	EIF1AY	cmpl	cmpl	0,1,1,0,1,0,
93	ENST00000382680.5	chrY	-	21880075	21894526	21880353	21892513	12	21880075,21881063,21881239,21882271,21882816,21883368,21884434,21886559,21888627,21891824,21892404,21894378,	21880652,21881152,21881350,21882382,21882927,21883479,21884549,21886712,21888805,21891928,21892517,21894526,	0	RBMY1D	cmpl	cmpl	1,2,2,2,2,2,1,1,0,1,0,-1,
93	ENST00000382673.6	chrY	-	21880075	21918027	21880353	21916054	12	21880075,21904605,21904780,21905812,21906357,21906909,21907975,21910100,21912168,21915365,21915945,21917919,	21880652,21904694,21904891,21905923,21906468,21907020,21908090,21910253,21912346,21915469,21916058,21918027,	0	RBMY1E	cmpl	cmpl	1,2,2,2,2,2,1,1,0,1,0,-1,
93	ENST00000418956.2	chrY	-	21880307	21894439	21880353	21892513	11	21880307,21881063,21882271,21882816,21883368,21884434,21886559,21888627,21891824,21892404,21894378,	21880652,21881152,21882382,21882927,21883479,21884549,21886712,21888805,21891928,21892517,21894439,	0	RBMY1D	cmpl	cmpl	1,2,2,2,2,1,1,0,1,0,-1,
94	ENST00000414629.6	chrY	+	22308822	22417881	22405447	22417603	12	22308822,22405443,22406024,22409151,22411244,22413407,22414477,22415028,22415573,22416607,22416804,22417304,	22308970,22405556,22406128,22409329,22411397,22413522,22414588,22415139,22415684,22416718,22416893,22417881,	0	RBMY1J	cmpl	cmpl	-1,0,1,0,1,1,2,2,2,2,2,1,
94	ENST00000445779.6	chrY	+	22308822	22417881	22405447	22417603	11	22308822,22405443,22406024,22409151,22411244,22413407,22414477,22415028,22415573,22416804,22417304,	22308970,22405556,22406128,22409329,22411397,22413522,22414588,22415139,22415684,22416893,22417881,	0	RBMY1J	cmpl	cmpl	-1,0,1,0,1,1,2,2,2,2,1,
94	ENST00000250831.5	chrY	+	22403469	22417881	22405447	22417603	12	22403469,22405443,22406024,22409151,22411244,22413407,22414477,22415028,22415573,22416607,22416804,22417304,	22403582,22405556,22406128,22409329,22411397,22413522,22414588,22415139,22415684,22416718,22416893,22417881,	0	RBMY1J	cmpl	cmpl	-1,0,1,0,1,1,2,2,2,2,2,1,
94	ENST00000436568.1	chrY	+	22936454	22973284	22936454	22936454	4	22936454,22963627,22965507,22972283,	22936615,22963703,22965615,22973284,	0	TTTY4	none	none	-1,-1,-1,-1,
96	ENST00000315357.9	chrY	-	24763068	24813469	24768933	24813185	16	24763068,24768898,24773569,24774349,24784136,24788893,24793649,24798422,24800812,24803255,24804727,24804956,24805456,24806068,24806434,24813182,	24764925,24768997,24773604,24774421,24784208,24788965,24793721,24798494,24800884,24803327,24804867,24805020,24805508,24806160,24806581,24813469,	0	DAZ3	cmpl	cmpl	-1,2,0,0,0,0,0,0,0,0,1,0,2,0,0,0,
96	ENST00000382365.6	chrY	-	24763068	24813479	24768933	24813185	19	24763068,24768898,24773569,24774349,24784136,24786513,24788893,24791270,24793649,24796026,24798422,24800812,24803255,24804727,24804956,24805456,24806068,24806434,24813182,	24764925,24768997,24773604,24774421,24784208,24786585,24788965,24791342,24793721,24796098,24798494,24800884,24803327,24804867,24805020,24805508,24806160,24806581,24813479,	0	DAZ3	cmpl	cmpl	-1,2,0,0,0,0,0,0,0,0,0,0,0,1,0,2,0,0,0,
96	ENST00000446723.4	chrY	-	24763068	24813492	24768933	24813185	17	24763068,24768898,24773569,24774349,24788893,24791270,24793649,24796026,24798422,24800812,24803255,24804727,24804956,24805456,24806068,24806434,24813182,	24764925,24768997,24773604,24774421,24788965,24791342,24793721,24796098,24798494,24800884,24803327,24804867,24805020,24805508,24806160,24806581,24813492,	0	DAZ3	cmpl	cmpl	-1,2,0,0,0,0,0,0,0,0,0,1,0,2,0,0,0,
96	ENST00000415508.6	chrY	+	24833842	24907040	24834126	24901175	16	24833842,24840730,24841151,24841803,24842291,24842444,24854832,24857275,24864445,24883763,24886148,24888533,24895687,24896504,24901111,24905183,	24834129,24840877,24841243,24841855,24842355,24842584,24854904,24857347,24864517,24883835,24886220,24888605,24895759,24896539,24901210,24907040,	0	DAZ4	cmpl	cmpl	0,0,0,2,0,1,0,0,0,0,0,0,0,0,2,-1,
96	ENST00000382314.6	chrY	+	24833916	24907036	24834126	24901175	24	24833916,24840730,24841151,24841803,24842291,24842444,24851578,24851999,24852651,24853139,24853292,24854832,24857275,24859665,24862061,24864445,24866841,24869218,24871598,24873975,24895687,24896504,24901111,24905183,	24834129,24840877,24841243,24841855,24842355,24842584,24851725,24852091,24852703,24853203,24853432,24854904,24857347,24859737,24862133,24864517,24866913,24869290,24871670,24874047,24895759,24896539,24901210,24907036,	0	DAZ4	cmpl	cmpl	0,0,0,2,0,1,0,0,2,0,1,0,0,0,0,0,0,0,0,0,0,0,2,-1,
96	ENST00000449750.7	chrY	+	24833916	24907036	24834126	24901175	17	24833916,24840730,24841151,24841803,24842291,24842444,24854832,24857275,24859665,24862061,24864445,24866841,24869218,24895687,24896504,24901111,24905183,	24834129,24840877,24841243,24841855,24842355,24842584,24854904,24857347,24859737,24862133,24864517,24866913,24869290,24895759,24896539,24901210,24907036,	0	DAZ4	cmpl	cmpl	0,0,0,2,0,1,0,0,0,0,0,0,0,0,0,2,-1,
96	ENST00000382432.9	chrY	+	24833933	24905683	24834126	24901175	24	24833933,24840730,24841151,24841803,24842291,24842444,24854832,24857275,24859665,24862061,24864445,24866841,24869218,24871598,24873975,24883763,24886148,24888533,24890917,24893302,24895687,24896504,24901111,24905183,	24834129,24840877,24841243,24841855,24842355,24842584,24854904,24857347,24859737,24862133,24864517,24866913,24869290,24871670,24874047,24883835,24886220,24888605,24890989,24893374,24895759,24896539,24901210,24905683,	0	DAZ4	cmpl	cmpl	0,0,0,2,0,1,0,0,0,0,0,0,0,0,0,0,0,0,0,0,0,0,2,-1,
96	ENST00000440066.6	chrY	+	24833939	24905391	24834126	24901175	21	24833939,24840730,24841151,24841803,24842291,24842444,24854832,24857275,24859665,24862061,24864445,24866841,24869218,24871598,24873975,24883763,24886148,24895687,24896504,24901111,24905183,	24834129,24840877,24841243,24841855,24842355,24842584,24854904,24857347,24859737,24862133,24864517,24866913,24869290,24871670,24874047,24883835,24886220,24895759,24896539,24901210,24905391,	0	DAZ4	cmpl	cmpl	0,0,0,2,0,1,0,0,0,0,0,0,0,0,0,0,0,0,0,2,-1,
96	ENST00000382296.4	chrY	+	24834126	24905240	24834126	24901175	26	24834126,24840730,24841151,24841803,24842291,24842444,24851578,24851999,24852651,24853139,24853292,24854832,24857275,24859665,24862061,24864445,24866841,24869218,24871598,24873975,24883763,24893302,24895687,24896504,24901111,24905183,	24834129,24840877,24841243,24841855,24842355,24842584,24851725,24852091,24852703,24853203,24853432,24854904,24857347,24859737,24862133,24864517,24866913,24869290,24871670,24874047,24883835,24893374,24895759,24896539,24901210,24905240,	0	DAZ4	cmpl	cmpl	0,0,0,2,0,1,0,0,2,0,1,0,0,0,0,0,0,0,0,0,0,0,0,0,2,-1,
96	ENST00000634662.1	chrY	+	24834126	24905240	24834126	24901175	23	24834126,24840730,24841151,24841803,24842291,24842444,24851578,24851999,24852651,24853139,24853292,24854832,24857275,24859665,24862061,24864445,24866841,24869218,24893302,24895687,24896504,24901111,24905183,	24834129,24840877,24841243,24841855,24842355,24842584,24851725,24852091,24852703,24853203,24853432,24854904,24857347,24859737,24862133,24864517,24866913,24869290,24893374,24895759,24896539,24901210,24905240,	0	DAZ4	cmpl	cmpl	0,0,0,2,0,1,0,0,2,0,1,0,0,0,0,0,0,0,0,0,0,2,-1,
96	ENST00000382287.5	chrY	-	25030900	25052104	25038097	25044023	9	25030900,25031316,25037991,25038808,25041768,25043945,25048473,25051675,25052073,	25031222,25031441,25038116,25038914,25041886,25044064,25048610,25051798,25052104,	0	BPY2C	cmpl	cmpl	-1,-1,2,1,0,0,-1,-1,-1,
587	ENST00000399012.6	chrY	+	276321	303353	284187	299335	8	276321,281481,284166,288732,290647,291498,293034,299096,	276394,281684,284314,288869,290776,291654,293218,303353,	0	PLCXD1	cmpl	cmpl	-1,-1,0,1,0,0,0,1,
587	ENST00000381657.7	chrY	+	281191	303356	284187	299335	7	281191,284166,288732,290647,291498,293034,299096,	281684,284314,288869,290776,291654,293218,303356,	0	PLCXD1	cmpl	cmpl	-1,0,1,0,0,0,1,
587	ENST00000381663.8	chrY	+	281461	303353	284187	299335	8	281461,284166,288732,290647,291498,293034,299096,302836,	281684,284314,288869,290776,291654,293218,299465,303353,	0	PLCXD1	cmpl	cmpl	-1,0,1,0,0,0,1,-1,
587	ENST00000326153.9	chrY	-	304749	318819	305073	318787	10	304749,307359,307731,311418,312765,314149,314889,315228,316913,318438,	305197,307512,307880,311627,312924,314217,315020,315299,317051,318819,	0	GTPBP6	cmpl	cmpl	2,2,0,1,1,2,0,1,1,0,
587	ENST00000391707.7	chrY	+	320989	321851	320989	320989	2	320989,321682,	321248,321851,	0	LINC00685	none	none	-1,-1,
587	ENST00000390665.8	chrY	-	333962	386710	334366	386691	13	333962,338603,338777,340764,341306,341882,345515,346173,346700,347233,347589,361404,386367,	334517,338710,338896,340940,341396,341931,345672,346260,346775,347336,347693,361590,386710,	0	PPP2R3B	cmpl	cmpl	2,0,1,2,2,1,0,0,0,2,0,0,0,
587	ENST00000610676.5	chrY	-	388099	388389	388099	388099	1	388099,	388389,	0	Metazoa_SRP	none	none	-1,
588	ENST00000627627.3	chrY	+	419156	421980	419156	419156	2	419156,421671,	419362,421980,	0	RP13-465B17.5	none	none	-1,-1,
589	ENST00000381578.6	chrY	+	624343	646823	630897	644636	6	624343,630465,634617,640820,640998,644390,	624602,631174,634826,640878,641087,646823,	0	SHOX	cmpl	cmpl	-1,0,1,0,1,0,
589	ENST00000554971.6	chrY	+	630806	645568	630897	644636	5	630806,634617,640820,640998,644390,	631174,634826,640878,641087,645568,	0	SHOX	cmpl	cmpl	0,1,0,1,0,
592	ENST00000420865.6	chrY	+	990220	994365	990220	990220	2	990220,993984,	990427,994365,	0	RP11-309M23.1	none	none	-1,-1,
594	ENST00000381566.6	chrY	-	1187548	1212637	1190896	1212634	9	1187548,1190496,1193217,1196779,1198561,1202401,1206432,1208805,1212555,	1187574,1191160,1193302,1196900,1198724,1202535,1206599,1208908,1212637,	0	CRLF2	cmpl	cmpl	-1,0,2,1,0,1,2,1,0,
594	ENST00000400841.7	chrY	-	1190489	1212750	1190896	1212634	8	1190489,1193217,1196779,1198561,1202401,1206432,1208805,1212555,	1191160,1193302,1196900,1198724,1202535,1206599,1208908,1212750,	0	CRLF2	cmpl	cmpl	0,2,1,0,1,2,1,0,
594	ENST00000381567.8	chrY	-	1190896	1212634	1190896	1206445	7	1190896,1193217,1196779,1198561,1202401,1206432,1212555,	1191160,1193302,1196900,1198724,1202535,1206599,1212634,	0	CRLF2	cmpl	cmpl	0,2,1,0,1,0,-1,
594	ENST00000381529.8	chrY	+	1268799	1309922	1282703	1309479	13	1268799,1274754,1282677,1285777,1288518,1288758,1290336,1294327,1295426,1300490,1303922,1305445,1309401,	1268879,1274818,1282779,1285920,1288642,1288888,1290509,1294461,1295456,1300626,1304019,1305527,1309922,	0	CSF2RA	cmpl	cmpl	-1,-1,0,1,0,1,2,1,0,0,1,2,0,
594	ENST00000417535.7	chrY	+	1268799	1309935	1282703	1309479	14	1268799,1274754,1282677,1285777,1288518,1288758,1290336,1294327,1295426,1300490,1303260,1303922,1305445,1309401,	1268879,1274842,1282779,1285920,1288642,1288888,1290509,1294461,1295456,1300626,1303362,1304019,1305527,1309935,	0	CSF2RA	cmpl	cmpl	-1,-1,0,1,0,1,2,1,0,0,1,1,2,0,
594	ENST00000432318.7	chrY	+	1268799	1309935	1282703	1309479	14	1268799,1274754,1282408,1282677,1285777,1288518,1288758,1290336,1294327,1295426,1300490,1303922,1305445,1309401,	1268879,1274818,1282560,1282779,1285920,1288642,1288888,1290509,1294461,1295456,1300626,1304019,1305527,1309935,	0	CSF2RA	cmpl	cmpl	-1,-1,-1,0,1,0,1,2,1,0,0,1,2,0,
594	ENST00000501036.7	chrY	+	1268799	1309935	1288814	1309479	11	1268799,1282677,1288518,1288758,1290336,1294327,1295426,1300490,1303922,1305445,1309401,	1268879,1282779,1288642,1288888,1290509,1294461,1295456,1300626,1304019,1305527,1309935,	0	CSF2RA	cmpl	cmpl	-1,-1,-1,0,2,1,0,0,1,2,0,
594	ENST00000381524.8	chrY	+	1268807	1310381	1282703	1309479	13	1268807,1274754,1282677,1285777,1288518,1288758,1290336,1294327,1295426,1300490,1303922,1305445,1309401,	1268879,1274842,1282779,1285920,1288642,1288888,1290509,1294461,1295456,1300626,1304019,1305527,1310381,	0	CSF2RA	cmpl	cmpl	-1,-1,0,1,0,1,2,1,0,0,1,2,0,
594	ENST00000381509.8	chrY	+	1268831	1305941	1282703	1305735	13	1268831,1274754,1282677,1285777,1288518,1288758,1290336,1294327,1295426,1300490,1303922,1305445,1305627,	1268879,1274842,1282779,1285920,1288642,1288888,1290509,1294461,1295456,1300626,1304019,1305527,1305941,	0	CSF2RA	cmpl	cmpl	-1,-1,0,1,0,1,2,1,0,0,1,2,0,
594	ENST00000494969.7	chrY	+	1268831	1309922	1282703	1309868	6	1268831,1274754,1282677,1285777,1287173,1309839,	1268879,1274842,1282779,1285920,1287198,1309922,	0	CSF2RA	cmpl	cmpl	-1,-1,0,1,0,1,
594	ENST00000355432.8	chrY	+	1268844	1309934	1282703	1309589	11	1268844,1274754,1282677,1285777,1288518,1288758,1290336,1294327,1295426,1300490,1309401,	1268879,1274842,1282779,1285920,1288642,1288888,1290509,1294461,1295456,1300626,1309934,	0	CSF2RA	cmpl	cmpl	-1,-1,0,1,0,1,2,1,0,0,1,
594	ENST00000355805.7	chrY	+	1268844	1309934	1282703	1305501	9	1268844,1274754,1282677,1285777,1288518,1288758,1290336,1305445,1309401,	1268879,1274842,1282779,1285920,1288642,1288888,1290509,1305527,1309934,	0	CSF2RA	cmpl	cmpl	-1,-1,0,1,0,1,2,1,-1,
594	ENST00000381500.6	chrY	+	1282685	1309638	1282703	1305501	10	1282685,1285777,1288518,1288758,1290336,1294327,1295426,1300490,1305445,1309401,	1282779,1285920,1288642,1288888,1290509,1294461,1295456,1300626,1305527,1309638,	0	CSF2RA	cmpl	cmpl	0,1,0,1,2,1,0,0,1,-1,
594	ENST00000581137.6	chrY	+	1291754	1291828	1291754	1291754	1	1291754,	1291828,	0	BX649553.3	none	none	-1,
594	ENST00000580687.6	chrY	+	1292093	1292167	1292093	1292093	1	1292093,	1292167,	0	BX649553.4	none	none	-1,
594	ENST00000578699.6	chrY	+	1293614	1293689	1293614	1293614	1	1293614,	1293689,	0	BX649553.2	none	none	-1,
594	ENST00000580266.6	chrY	+	1293917	1293992	1293917	1293917	1	1293917,	1293992,	0	MIR3690	none	none	-1,
594	ENST00000583047.6	chrY	+	1294131	1294206	1294131	1294131	1	1294131,	1294206,	0	BX649553.1	none	none	-1,
594	ENST00000411342.6	chrY	-	1300255	1300375	1300255	1300255	1	1300255,	1300375,	0	RNA5SP498	none	none	-1,
595	ENST00000331035.9	chrY	+	1336615	1382685	1341765	1382465	12	1336615,1341727,1345315,1348430,1352099,1352321,1356220,1358860,1365137,1378658,1381022,1382390,	1336926,1341829,1345434,1348545,1352232,1352506,1356336,1358887,1365252,1378764,1381104,1382685,	0	IL3RA	cmpl	cmpl	-1,0,1,0,1,2,1,0,0,1,2,0,
595	ENST00000381469.7	chrY	+	1336615	1382689	1341765	1382465	10	1336615,1341727,1352099,1352321,1356220,1358860,1365137,1378658,1381022,1382390,	1336926,1341829,1352232,1352506,1356336,1358887,1365252,1378764,1381104,1382689,	0	IL3RA	cmpl	cmpl	-1,0,1,2,1,0,0,1,2,0,
595	ENST00000381401.10	chrY	-	1386151	1392724	1386601	1392009	4	1386151,1387278,1389240,1391898,	1386759,1387419,1389727,1392724,	0	SLC25A6	cmpl	cmpl	1,1,0,0,
595	ENST00000434938.7	chrY	+	1396426	1398958	1396426	1396426	2	1396426,1398824,	1396648,1398958,	0	LINC00106	none	none	-1,-1,
595	ENST00000430235.7	chrY	+	1397024	1399402	1397024	1397024	3	1397024,1398824,1399366,	1397224,1398958,1399402,	0	LINC00106	none	none	-1,-1,-1,
595	ENST00000425740.7	chrY	+	1401810	1413915	1401810	1401810	4	1401810,1403460,1412742,1413761,	1402225,1403585,1412888,1413915,	0	ASMTL-AS1	none	none	-1,-1,-1,-1,
595	ENST00000602357.6	chrY	+	1403509	1414024	1403509	1403509	3	1403509,1412790,1413763,	1403585,1412888,1414024,	0	ASMTL-AS1	none	none	-1,-1,-1,
596	ENST00000381297.9	chrY	-	1462571	1537107	1465478	1466558	2	1462571,1536920,	1466582,1537107,	0	P2RY8	cmpl	cmpl	0,-1,
597	ENST00000313871.8	chrY	+	1591592	1602514	1593462	1601594	5	1591592,1593443,1595383,1599191,1600658,	1591769,1594224,1595532,1599432,1602514,	0	AKAP17A	cmpl	cmpl	-1,0,0,2,0,
597	ENST00000381261.8	chrY	+	1591624	1600303	1593462	1599621	4	1591624,1593443,1595383,1599191,	1591769,1594224,1595532,1600303,	0	AKAP17A	cmpl	cmpl	-1,0,0,2,
597	ENST00000381241.8	chrY	+	1615000	1643081	1615199	1643014	9	1615000,1623138,1624268,1627702,1629820,1632703,1633149,1636437,1642802,	1615268,1623313,1624398,1627771,1629939,1632787,1633290,1636560,1643081,	0	ASMT	cmpl	cmpl	0,0,1,2,2,1,1,1,1,
597	ENST00000381229.9	chrY	+	1615163	1643027	1615199	1643014	8	1615163,1623138,1624268,1627702,1629820,1633149,1636437,1642802,	1615268,1623313,1624398,1627771,1629939,1633290,1636560,1643027,	0	ASMT	cmpl	cmpl	0,0,1,2,2,1,1,1,
597	ENST00000381233.8	chrY	+	1615174	1643081	1615199	1643014	7	1615174,1623138,1624268,1627702,1629820,1636437,1642802,	1615268,1623313,1624398,1627771,1629939,1636560,1643081,	0	ASMT	cmpl	cmpl	0,0,1,2,2,1,1,
598	ENST00000427886.6	chrY	+	1732583	1741988	1732583	1732583	3	1732583,1733949,1741930,	1732723,1734196,1741988,	0	RP13-297E16.4	none	none	-1,-1,-1,
598	ENST00000432272.6	chrY	+	1734116	1755985	1734116	1734116	2	1734116,1755683,	1734196,1755985,	0	RP13-297E16.4	none	none	-1,-1,
598	ENST00000453953.6	chrY	+	1767346	1768776	1767346	1767346	2	1767346,1768434,	1767552,1768776,	0	RP13-297E16.5	none	none	-1,-1,
602	ENST00000437244.6	chrY	-	2334294	2336410	2334294	2334294	2	2334294,2336384,	2334919,2336410,	0	DHRSX-IT1	none	none	-1,-1,
604	ENST00000616698.5	chrY	+	2609190	2609254	2609190	2609190	1	2609190,	2609254,	0	MIR6089	none	none	-1,
604	ENST00000445785.6	chrY	-	2612987	2615347	2612987	2612987	2	2612987,2614716,	2613696,2615347,	0	LINC00102	none	none	-1,-1,
605	ENST00000381192.8	chrY	+	2691178	2741309	2691360	2740804	10	2691178,2714421,2717604,2719660,2720355,2722626,2723313,2726259,2738199,2740778,	2691427,2714454,2717652,2719705,2720424,2722674,2723364,2726373,2738256,2741309,	0	CD99	cmpl	cmpl	0,1,1,1,1,1,1,1,1,1,
605	ENST00000611428.5	chrY	+	2691186	2741300	2691360	2733364	11	2691186,2714421,2717604,2719660,2720355,2722626,2723313,2726259,2733356,2738202,2740778,	2691427,2714454,2717652,2719705,2720424,2722674,2723364,2726373,2733374,2738256,2741300,	0	CD99	cmpl	cmpl	0,1,1,1,1,1,1,1,1,-1,-1,
605	ENST00000381187.8	chrY	+	2691275	2741101	2691360	2740804	9	2691275,2714421,2719660,2720355,2722626,2723313,2726259,2738199,2740778,	2691427,2714454,2719705,2720424,2722674,2723364,2726373,2738256,2741101,	0	CD99	cmpl	cmpl	0,1,1,1,1,1,1,1,1,
605	ENST00000381184.6	chrY	+	2691279	2733667	2691360	2733364	10	2691279,2714421,2717604,2719660,2720355,2722626,2723313,2726259,2727292,2733356,	2691427,2714454,2717652,2719705,2720424,2722674,2723364,2726373,2727343,2733667,	0	CD99	cmpl	cmpl	0,1,1,1,1,1,1,1,1,1,
605	ENST00000624481.4	chrY	+	2691312	2741290	2691360	2740804	10	2691312,2714421,2717604,2719660,2720355,2722626,2723313,2726259,2738202,2740778,	2691427,2714454,2717652,2719705,2720424,2722674,2723364,2726373,2738256,2741290,	0	CD99	cmpl	cmpl	0,1,1,1,1,1,1,1,1,1,
605	ENST00000381180.8	chrY	+	2691360	2692250	2691360	2691951	2	2691360,2691787,	2691427,2692250,	0	CD99	cmpl	cmpl	0,1,
606	ENST00000516032.1	chrY	+	2784748	2784853	2784748	2784748	1	2784748,	2784853,	0	RNU6-1334P	none	none	-1,
606	ENST00000383070.1	chrY	-	2786854	2787699	2786988	2787603	1	2786854,	2787699,	0	SRY	cmpl	cmpl	0,
606	ENST00000250784.12	chrY	+	2841485	2867268	2841624	2866894	7	2841485,2842164,2844076,2845645,2854599,2865087,2866792,	2841627,2842242,2844257,2845743,2854771,2865245,2867268,	0	RPS4Y1	cmpl	cmpl	0,0,0,1,0,1,0,
607	ENST00000611750.1	chrY	-	2934405	2934771	2934405	2934405	1	2934405,	2934771,	0	RP11-414C23.1	none	none	-1,
607	ENST00000383052.5	chrY	+	2935280	2982506	2953936	2979993	8	2935280,2953908,2961073,2975094,2975510,2976669,2977939,2978809,	2935446,2953997,2961646,2975244,2975654,2976822,2978080,2982506,	0	ZFY	cmpl	cmpl	-1,0,1,1,1,1,1,1,
607	ENST00000625061.3	chrY	+	2935388	2980347	2953936	2979993	7	2935388,2953908,2975094,2975510,2976669,2977939,2978809,	2935446,2953997,2975244,2975654,2976822,2978080,2980347,	0	ZFY	cmpl	cmpl	-1,0,1,1,1,1,1,
607	ENST00000155093.7	chrY	+	2935476	2982505	2953936	2979993	8	2935476,2953908,2961073,2975094,2975510,2976669,2977939,2978809,	2935769,2953997,2961646,2975244,2975654,2976822,2978080,2982505,	0	ZFY	cmpl	cmpl	-1,0,1,1,1,1,1,1,
607	ENST00000449237.4	chrY	+	2935650	2981146	2961090	2979993	6	2935650,2961073,2975094,2975510,2977939,2978809,	2935769,2961646,2975244,2975654,2978080,2981146,	0	ZFY	cmpl	cmpl	-1,0,1,1,1,1,
607	ENST00000417305.1	chrY	-	2966843	3002626	2966843	2966843	3	2966843,2981837,3002312,	2966939,2981927,3002626,	0	ZFY-AS1	none	none	-1,-1,-1,
607	ENST00000431145.1	chrY	-	3001627	3002571	3001627	3001627	3	3001627,3002312,3002537,	3001923,3002401,3002571,	0	ZFY-AS1	none	none	-1,-1,-1,
612	ENST00000321217.4	chrY	+	3579040	3580041	3579244	3579802	2	3579040,3579223,	3579127,3580041,	0	TGIF2LY	cmpl	cmpl	-1,0,
612	ENST00000559055.2	chrY	+	3579114	3580041	3579244	3579802	1	3579114,	3580041,	0	TGIF2LY	cmpl	cmpl	0,
612	ENST00000618605.1	chrY	+	3630143	3630229	3630143	3630143	1	3630143,	3630229,	0	AC019058.1	none	none	-1,
616	ENST00000517091.1	chrY	-	4174984	4175090	4174984	4174984	1	4174984,	4175090,	0	RNU6-303P	none	none	-1,
623	ENST00000622595.1	chrY	-	4993857	4997719	4993857	4993857	2	4993857,4997506,	4994226,4997719,	0	RP11-122L9.1	none	none	-1,-1,
623	ENST00000618284.1	chrY	-	4994089	4999650	4994089	4994089	3	4994089,4997506,4999388,	4994226,4997680,4999650,	0	RP11-122L9.1	none	none	-1,-1,-1,
623	ENST00000333703.8	chrY	+	5000225	5105444	5032696	5104361	6	5000225,5031905,5032669,5056888,5098214,5104343,	5000605,5032011,5032728,5057459,5100707,5105444,	0	PCDH11Y	cmpl	cmpl	-1,-1,0,2,0,0,
623	ENST00000622698.4	chrY	+	5000295	5105459	5032696	5104361	7	5000295,5030898,5031905,5032669,5056888,5098214,5104343,	5000605,5031067,5032011,5032728,5057459,5100707,5105459,	0	PCDH11Y	cmpl	cmpl	-1,-1,-1,0,2,0,0,
623	ENST00000516659.1	chrY	+	5019075	5019266	5019075	5019075	1	5019075,	5019266,	0	RNU2-57P	none	none	-1,
623	ENST00000215473.7	chrY	+	5056087	5101437	5056823	5100740	2	5056087,5098214,	5057459,5101437,	0	PCDH11Y	cmpl	cmpl	0,0,
623	ENST00000362095.9	chrY	+	5056089	5104700	5056823	5104361	3	5056089,5098214,5104343,	5057459,5100707,5104700,	0	PCDH11Y	cmpl	cmpl	0,0,0,
627	ENST00000516250.2	chrY	+	5573927	5574019	5573927	5573927	1	5573927,	5574019,	0	AC012667.1	none	none	-1,
629	ENST00000516070.2	chrY	+	5874245	5874338	5874245	5874245	1	5874245,	5874338,	0	AC010874.1	none	none	-1,
632	ENST00000451467.1	chrY	-	6242445	6243610	6242445	6242445	3	6242445,6243294,6243553,	6242754,6243440,6243610,	0	TTTY23B	none	none	-1,-1,-1,
632	ENST00000429039.5	chrY	+	6246222	6248892	6246268	6248825	7	6246222,6246616,6247355,6247561,6247774,6248026,6248802,	6246355,6246754,6247433,6247673,6247920,6248108,6248892,	0	TSPY2	cmpl	cmpl	0,0,0,0,1,0,1,
632	ENST00000320701.8	chrY	+	6246222	6249013	6246268	6248825	6	6246222,6247355,6247561,6247774,6248026,6248802,	6246754,6247433,6247673,6247920,6248108,6249013,	0	TSPY2	cmpl	cmpl	0,0,0,1,0,1,
632	ENST00000383042.1	chrY	+	6246268	6249012	6246268	6248078	6	6246268,6247355,6247561,6247774,6248015,6248802,	6246754,6247433,6247673,6247920,6248108,6249012,	0	TSPY2	cmpl	cmpl	0,0,0,1,0,-1,
633	ENST00000439525.1	chrY	-	6357218	6361413	6357218	6357218	3	6357218,6358683,6361327,	6357437,6358826,6361413,	0	LINC00280	none	none	-1,-1,-1,
633	ENST00000250776.5	chrY	+	6390430	6411564	6390430	6390430	5	6390430,6394099,6401122,6403587,6411306,	6390675,6394259,6401231,6403725,6411564,	0	TTTY1B	none	none	-1,-1,-1,-1,-1,
634	ENST00000421353.1	chrY	+	6443433	6447077	6443433	6443433	2	6443433,6446972,	6443635,6447077,	0	TTTY21B	none	none	-1,-1,
634	ENST00000276770.8	chrY	+	6449467	6457906	6449467	6449467	7	6449467,6450445,6452914,6453677,6456071,6457158,6457660,	6449504,6450607,6452989,6454154,6456185,6457414,6457906,	0	TTTY7	none	none	-1,-1,-1,-1,-1,-1,-1,
634	ENST00000455570.5	chrY	-	6470772	6473630	6470772	6470772	3	6470772,6472812,6473494,	6470949,6473017,6473630,	0	TTTY8B	none	none	-1,-1,-1,
634	ENST00000328819.4	chrY	-	6471030	6473630	6471030	6471030	3	6471030,6472812,6473494,	6471220,6473017,6473630,	0	TTTY8B	none	none	-1,-1,-1,
637	ENST00000215479.9	chrY	-	6865917	6874027	6866072	6872608	6	6865917,6868036,6868731,6870005,6872554,6873971,	6866078,6868462,6868776,6870053,6872620,6874027,	0	AMELY	cmpl	cmpl	0,0,0,0,0,-1,
637	ENST00000383036.1	chrY	-	6866072	6872608	6866072	6872608	6	6866072,6868036,6868731,6868867,6870005,6872554,	6866078,6868462,6868776,6868909,6870053,6872608,	0	AMELY	cmpl	cmpl	0,0,0,0,0,0,
637	ENST00000620503.1	chrY	+	6918681	6920791	6918681	6918681	1	6918681,	6920791,	0	RP11-115H13.1	none	none	-1,
640	ENST00000516824.1	chrY	-	7324296	7324595	7324296	7324296	1	7324296,	7324595,	0	RN7SKP282	none	none	-1,
641	ENST00000516187.1	chrY	+	7341530	7341642	7341530	7341530	1	7341530,	7341642,	0	Y_RNA	none	none	-1,
641	ENST00000516346.1	chrY	+	7378671	7378779	7378671	7378671	1	7378671,	7378779,	0	RNU6-941P	none	none	-1,
641	ENST00000516663.1	chrY	-	7423053	7423158	7423053	7423053	1	7423053,	7423158,	0	RNU6-521P	none	none	-1,
643	ENST00000437686.1	chrY	-	7699356	7701247	7699356	7699356	2	7699356,7701186,	7699487,7701247,	0	TTTY16	none	none	-1,-1,
644	ENST00000413466.2	chrY	+	7804923	7810683	7804923	7804923	2	7804923,7809860,	7805079,7810683,	0	TTTY12	none	none	-1,-1,
650	ENST00000624507.1	chrY	-	8565557	8627242	8565557	8627242	8	8565557,8578313,8578519,8588124,8588138,8604994,8627185,8627194,	8565649,8578412,8578607,8588136,8588145,8605031,8627189,8627242,	0	AC064829.1	cmpl	cmpl	1,1,0,0,2,1,0,0,
650	ENST00000413486.2	chrY	+	8638293	8644842	8638293	8638293	3	8638293,8644131,8644678,	8638406,8644327,8644842,	0	LINC00279	none	none	-1,-1,-1,
651	ENST00000438677.1	chrY	-	8683369	8683878	8683369	8683369	2	8683369,8683720,	8683432,8683878,	0	TTTY18	none	none	-1,-1,
651	ENST00000623558.1	chrY	+	8695280	8743495	8695280	8743495	6	8695280,8698937,8698992,8722270,8739829,8743406,	8695326,8698990,8699032,8722327,8739928,8743495,	0	AC009491.2	cmpl	incmpl	0,1,0,1,1,1,
651	ENST00000453955.1	chrY	+	8704471	8705283	8704471	8704471	2	8704471,8705102,	8704559,8705283,	0	TTTY19	none	none	-1,-1,
651	ENST00000624237.1	chrY	+	8710884	8745985	8710884	8745985	8	8710884,8710934,8742054,8744630,8744711,8744837,8744930,8745896,	8710929,8710952,8742093,8744708,8744727,8744926,8744940,8745985,	0	AC009491.1	cmpl	incmpl	0,0,0,0,0,1,0,1,
652	ENST00000253470.4	chrY	-	8783309	8817382	8783309	8783309	5	8783309,8783887,8788999,8794860,8817345,	8783406,8784203,8789302,8794944,8817382,	0	TTTY11	none	none	-1,-1,-1,-1,-1,
656	ENST00000434487.1	chrY	-	9329879	9334832	9329879	9329879	2	9329879,9334750,	9330056,9334832,	0	TTTY20	none	none	-1,-1,
656	ENST00000426950.6	chrY	+	9337463	9340278	9337509	9340090	6	9337463,9338620,9338826,9339039,9339291,9340067,	9338013,9338698,9338938,9339185,9339373,9340278,	0	TSPY4	cmpl	cmpl	0,0,0,1,0,1,
656	ENST00000383008.1	chrY	+	9337509	9340277	9337509	9339343	6	9337509,9338620,9338826,9339039,9339280,9340067,	9338013,9338698,9338938,9339185,9339373,9340277,	0	TSPY4	cmpl	cmpl	0,0,0,1,0,-1,
656	ENST00000287721.13	chrY	+	9357796	9360593	9357842	9360405	6	9357796,9358935,9359141,9359354,9359606,9360382,	9358328,9359013,9359253,9359500,9359688,9360593,	0	TSPY8	cmpl	cmpl	0,0,0,1,0,1,
656	ENST00000383005.6	chrY	+	9357796	9380870	9357842	9380683	6	9357796,9358935,9359141,9379632,9379884,9380660,	9358328,9359013,9359253,9379778,9379966,9380870,	0	TSPY8	cmpl	cmpl	0,0,0,1,0,1,
656	ENST00000383000.1	chrY	+	9357842	9360592	9357842	9359658	6	9357842,9358935,9359141,9359354,9359595,9360382,	9358328,9359013,9359253,9359500,9359688,9360592,	0	TSPY8	cmpl	cmpl	0,0,0,1,0,-1,
656	ENST00000457222.6	chrY	+	9398420	9401217	9398466	9401029	6	9398420,9399559,9399765,9399978,9400230,9401006,	9398952,9399637,9399877,9400124,9400312,9401217,	0	TSPY3	cmpl	cmpl	0,0,0,1,0,1,
656	ENST00000424594.1	chrY	+	9398466	9401216	9398466	9400282	6	9398466,9399559,9399765,9399978,9400219,9401006,	9398952,9399637,9399877,9400124,9400312,9401216,	0	TSPY3	cmpl	cmpl	0,0,0,1,0,-1,
657	ENST00000619815.4	chrY	-	9458742	9464345	9458742	9458742	4	9458742,9462357,9464011,9464243,	9458802,9462516,9464157,9464345,	0	FAM197Y5	none	none	-1,-1,-1,-1,
657	ENST00000423213.3	chrY	-	9463851	9465974	9463851	9463851	9	9463851,9464011,9464243,9464317,9464549,9464767,9465024,9465241,9465682,	9463893,9464157,9464316,9464353,9464614,9464813,9465056,9465274,9465974,	0	FAM197Y5	none	none	-1,-1,-1,-1,-1,-1,-1,-1,-1,
657	ENST00000423647.6	chrY	+	9466954	9469748	9467000	9468816	6	9466954,9468093,9468299,9468512,9468753,9469538,	9467486,9468171,9468411,9468658,9468846,9469748,	0	TSPY1	cmpl	cmpl	0,0,0,1,0,-1,
657	ENST00000451548.5	chrY	+	9466954	9469748	9467000	9469561	6	9466954,9468093,9468299,9468512,9468764,9469538,	9467486,9468171,9468411,9468658,9468846,9469748,	0	TSPY1	cmpl	cmpl	0,0,0,1,0,1,
657	ENST00000446779.6	chrY	+	9466954	9490081	9467000	9489893	6	9466954,9468093,9488629,9488842,9489094,9489870,	9467486,9468171,9488741,9488988,9489176,9490081,	0	TSPY1	cmpl	cmpl	0,0,0,1,0,1,
657	ENST00000440483.3	chrY	+	9467000	9490081	9467000	9489893	7	9467000,9467348,9468093,9468299,9468512,9468764,9489870,	9467087,9467486,9468171,9468411,9468658,9468846,9490081,	0	TSPY1	cmpl	cmpl	0,0,0,0,1,0,1,
657	ENST00000440215.3	chrY	+	9487285	9490081	9487312	9489893	6	9487285,9488423,9488629,9488842,9489094,9489870,	9487816,9488501,9488741,9488988,9489176,9490081,	0	TSPY9P	cmpl	cmpl	0,0,0,1,0,1,
657	ENST00000428845.6	chrY	+	9527879	9530676	9527925	9530488	6	9527879,9529018,9529224,9529437,9529689,9530465,	9528411,9529096,9529336,9529583,9529771,9530676,	0	TSPY10	cmpl	cmpl	0,0,0,1,0,1,
657	ENST00000444056.1	chrY	+	9527925	9530675	9527925	9529741	6	9527925,9529018,9529224,9529437,9529678,9530465,	9528411,9529096,9529336,9529583,9529771,9530675,	0	TSPY10	cmpl	cmpl	0,0,0,1,0,-1,
658	ENST00000329684.7	chrY	+	9691099	9693699	9691099	9691099	3	9691099,9691712,9693509,	9691235,9691917,9693699,	0	TTTY8	none	none	-1,-1,-1,
658	ENST00000426035.1	chrY	+	9691099	9693957	9691099	9691099	3	9691099,9691712,9693780,	9691235,9691917,9693957,	0	TTTY8	none	none	-1,-1,-1,
659	ENST00000276779.8	chrY	-	9706823	9715262	9706823	9706823	7	9706823,9707315,9708544,9710575,9711740,9714122,9715225,	9707069,9707571,9708658,9711052,9711815,9714284,9715262,	0	TTTY7B	none	none	-1,-1,-1,-1,-1,-1,-1,
659	ENST00000430228.1	chrY	-	9717652	9721296	9717652	9717652	2	9717652,9721094,	9717757,9721296,	0	TTTY21	none	none	-1,-1,
659	ENST00000417072.1	chrY	+	9740583	9758476	9740583	9740583	7	9740583,9744877,9752348,9753189,9756176,9756375,9757796,	9742401,9744964,9752497,9753346,9756255,9756573,9758476,	0	TTTY2	none	none	-1,-1,-1,-1,-1,-1,-1,
659	ENST00000250805.5	chrY	-	9753155	9774289	9753155	9753155	5	9753155,9760994,9763488,9770460,9774044,	9753413,9761132,9763597,9770620,9774289,	0	TTTY1	none	none	-1,-1,-1,-1,-1,
659	ENST00000445253.1	chrY	+	9801152	9813245	9801152	9801152	5	9801152,9804773,9809310,9810070,9813199,	9801307,9804885,9809385,9810109,9813245,	0	TTTY22	none	none	-1,-1,-1,-1,-1,
659	ENST00000449963.1	chrY	+	9813314	9817513	9813314	9813314	3	9813314,9815901,9817294,	9813400,9816044,9817513,	0	AC010891.2	none	none	-1,-1,-1,
660	ENST00000452889.1	chrY	+	9910797	9911962	9910797	9910797	3	9910797,9910967,9911653,	9910854,9911113,9911962,	0	TTTY23	none	none	-1,-1,-1,
661	ENST00000515957.1	chrY	-	10090409	10090528	10090409	10090409	1	10090409,	10090528,	0	RNA5SP518	none	none	-1,
662	ENST00000516480.1	chrY	-	10092874	10092993	10092874	10092874	1	10092874,	10092993,	0	RNA5SP519	none	none	-1,
662	ENST00000516157.2	chrY	+	10196371	10196484	10196371	10196371	1	10196371,	10196484,	0	AC010970.1	none	none	-1,
662	ENST00000515896.1	chrY	+	10200154	10200306	10200154	10200154	1	10200154,	10200306,	0	RNA5-8SP6	none	none	-1,
670	ENST00000584011.1	chrY	-	11184682	11184764	11184682	11184682	1	11184682,	11184764,	0	AC134878.2	none	none	-1,
670	ENST00000517046.1	chrY	-	11184874	11184957	11184874	11184874	1	11184874,	11184957,	0	AC134878.1	none	none	-1,
671	ENST00000621531.1	chrY	+	11308273	11308351	11308273	11308273	1	11308273,	11308351,	0	AC134882.1	none	none	-1,
671	ENST00000613791.1	chrY	+	11316277	11316360	11316277	11316277	1	11316277,	11316360,	0	AC134882.2	none	none	-1,
671	ENST00000615816.1	chrY	+	11333687	11333771	11333687	11333687	1	11333687,	11333771,	0	AC134882.3	none	none	-1,
678	ENST00000488394.3	chrY	+	12273472	12273764	12273472	12273472	1	12273472,	12273764,	0	RN7SL702P	none	none	-1,
681	ENST00000440408.5	chrY	+	12662333	12692233	12662333	12662333	4	12662333,12664639,12686512,12687463,	12662706,12664686,12686606,12692233,	0	TTTY15	none	none	-1,-1,-1,-1,
683	ENST00000360160.8	chrY	+	12904107	12918539	12904936	12918122	18	12904107,12904934,12907536,12909359,12911838,12912726,12912962,12913717,12914563,12914883,12915066,12915629,12915882,12916260,12916516,12916906,12917402,12918042,	12904414,12904981,12907594,12909407,12911968,12912882,12913062,12913853,12914649,12914982,12915227,12915774,12916027,12916442,12916634,12917060,12917542,12918539,	0	DDX3Y	cmpl	cmpl	-1,0,0,1,1,2,2,0,1,0,0,2,0,1,0,1,2,1,
683	ENST00000336079.7	chrY	+	12904830	12920478	12904936	12918122	17	12904830,12907536,12909359,12911838,12912726,12912962,12913717,12914563,12914883,12915066,12915629,12915882,12916260,12916516,12916906,12917402,12918042,	12904981,12907594,12909407,12911968,12912882,12913062,12913853,12914649,12914982,12915227,12915774,12916027,12916442,12916634,12917060,12917542,12920478,	0	DDX3Y	cmpl	cmpl	0,0,1,1,2,2,0,1,0,0,2,0,1,0,1,2,1,
687	ENST00000382893.2	chrY	-	13396301	13479978	13396903	13479665	7	13396301,13410992,13414734,13449016,13470120,13479253,13479513,	13396972,13411113,13414793,13449066,13470229,13479317,13479978,	0	UTY	cmpl	cmpl	0,2,0,1,0,2,0,
689	ENST00000516885.1	chrY	-	13667959	13668056	13667959	13667959	1	13667959,	13668056,	0	AC006371.1	none	none	-1,
689	ENST00000284856.3	chrY	+	13703566	13706024	13704335	13705259	2	13703566,13705224,	13704435,13706024,	0	TMSB4Y	cmpl	cmpl	0,1,
691	ENST00000250825.4	chrY	-	13985771	13986513	13985870	13986440	2	13985771,13986338,	13986146,13986513,	0	VCY	cmpl	cmpl	0,0,
692	ENST00000250823.4	chrY	+	14056216	14056958	14056289	14056859	2	14056216,14056583,	14056391,14056958,	0	VCY1B	cmpl	cmpl	0,0,
693	ENST00000578366.1	chrY	-	14252184	14252291	14252184	14252184	1	14252184,	14252291,	0	AC010723.2	none	none	-1,
693	ENST00000435111.1	chrY	-	14276211	14277489	14276211	14276211	2	14276211,14277349,	14276611,14277489,	0	AC010723.1	none	none	-1,-1,
697	ENST00000434164.1	chrY	-	14793641	14804033	14793641	14793641	4	14793641,14798621,14801275,14804004,	14793987,14798709,14801344,14804033,	0	NLGN4Y-AS1	none	none	-1,-1,-1,-1,
706	ENST00000631215.1	chrY	+	15935948	15936020	15935948	15935948	1	15935948,	15936020,	0	AC017020.2	none	none	-1,
707	ENST00000516855.1	chrY	+	16062765	16062829	16062765	16062765	1	16062765,	16062829,	0	AC017020.1	none	none	-1,
708	ENST00000516880.1	chrY	-	16138247	16138379	16138247	16138247	1	16138247,	16138379,	0	SNORA20	none	none	-1,
708	ENST00000516364.1	chrY	+	16248934	16249041	16248934	16248934	1	16248934,	16249041,	0	RNU6-109P	none	none	-1,
709	ENST00000516514.1	chrY	-	16336282	16336389	16336282	16336282	1	16336282,	16336389,	0	RNU6-184P	none	none	-1,
718	ENST00000421205.2	chrY	+	17500957	17515018	17500957	17500957	7	17500957,17501710,17513097,17513473,17514160,17514440,17514808,	17501115,17501760,17513226,17513567,17514331,17514534,17515018,	0	FAM41AY1	none	none	-1,-1,-1,-1,-1,-1,-1,
718	ENST00000516506.1	chrY	+	17557863	17557976	17557863	17557863	1	17557863,	17557976,	0	RNA5SP520	none	none	-1,
718	ENST00000516203.1	chrY	+	17559773	17559889	17559773	17559773	1	17559773,	17559889,	0	RNA5SP521	none	none	-1,
719	ENST00000615048.1	chrY	-	17568961	17569051	17568961	17568961	1	17568961,	17569051,	0	pRNA	none	none	-1,
719	ENST00000516229.1	chrY	-	17623060	17623155	17623060	17623060	1	17623060,	17623155,	0	AC068704.1	none	none	-1,
720	ENST00000516704.1	chrY	-	17789002	17789162	17789002	17789002	1	17789002,	17789162,	0	RNU1-128P	none	none	-1,
721	ENST00000544303.1	chrY	-	17877409	17880218	17877784	17879892	3	17877409,17877834,17878297,	17877829,17877862,17880218,	0	CDY2B	cmpl	cmpl	0,2,0,
721	ENST00000382867.3	chrY	-	17878266	17880220	17878266	17879892	1	17878266,	17880220,	0	CDY2B	cmpl	cmpl	0,
722	ENST00000250838.5	chrY	+	18025786	18027740	18026114	18027740	1	18025786,	18027740,	0	CDY2A	cmpl	cmpl	0,
722	ENST00000426790.1	chrY	+	18025788	18028597	18026114	18028222	3	18025788,18028144,18028177,	18027709,18028172,18028597,	0	CDY2A	cmpl	cmpl	0,2,0,
723	ENST00000516357.1	chrY	+	18116847	18117007	18116847	18116847	1	18116847,	18117007,	0	RNU1-95P	none	none	-1,
724	ENST00000516630.1	chrY	+	18282852	18282947	18282852	18282852	1	18282852,	18282947,	0	AC007241.1	none	none	-1,
724	ENST00000614353.1	chrY	+	18336959	18337049	18336959	18336959	1	18336959,	18337049,	0	pRNA	none	none	-1,
724	ENST00000516144.1	chrY	-	18346122	18346238	18346122	18346122	1	18346122,	18346238,	0	RNA5SP522	none	none	-1,
724	ENST00000516858.1	chrY	-	18348034	18348147	18348034	18348034	1	18348034,	18348147,	0	RNA5SP523	none	none	-1,
725	ENST00000458627.2	chrY	-	18390993	18405046	18390993	18390993	7	18390993,18391477,18391680,18392444,18392785,18404243,18404888,	18391203,18391571,18391851,18392538,18392914,18404293,18405046,	0	FAM41AY2	none	none	-1,-1,-1,-1,-1,-1,-1,
726	ENST00000516400.1	chrY	+	18486510	18486672	18486510	18486510	1	18486510,	18486672,	0	RNU1-48P	none	none	-1,
726	ENST00000510613.1	chrY	+	18491739	18547698	18491739	18491739	5	18491739,18500619,18529639,18530487,18547032,	18491817,18501051,18529837,18530596,18547698,	0	AC022486.1	none	none	-1,-1,-1,-1,-1,
726	ENST00000307393.2	chrY	+	18546670	18548592	18546787	18548471	2	18546670,18547778,	18547300,18548592,	0	HSFY1	cmpl	cmpl	0,0,
726	ENST00000309834.8	chrY	+	18546690	18588963	18546787	18588634	2	18546690,18588535,	18547300,18588963,	0	HSFY1	cmpl	cmpl	0,0,
726	ENST00000382856.2	chrY	+	18546719	18551465	18546787	18550804	3	18546719,18550113,18550782,	18547300,18550223,18551465,	0	HSFY1	cmpl	cmpl	0,0,2,
726	ENST00000433794.5	chrY	-	18581205	18590521	18581205	18581205	5	18581205,18587411,18588130,18588605,18590379,	18582348,18587548,18588244,18588706,18590521,	0	TTTY9B	none	none	-1,-1,-1,-1,-1,
728	ENST00000382852.1	chrY	-	18768920	18773686	18769597	18773618	3	18768920,18770182,18773105,	18769619,18770292,18773686,	0	HSFY2	cmpl	cmpl	2,0,0,
728	ENST00000304790.3	chrY	-	18771813	18773735	18771934	18773618	2	18771813,18773105,	18772627,18773735,	0	HSFY2	cmpl	cmpl	0,0,
728	ENST00000516161.1	chrY	-	18833728	18833890	18833728	18833728	1	18833728,	18833890,	0	RNU1-41P	none	none	-1,
730	ENST00000516957.1	chrY	-	19018982	19019087	19018982	19018982	1	19018982,	19019087,	0	RNU6-255P	none	none	-1,
730	ENST00000447937.1	chrY	-	19041497	19077395	19041497	19041497	7	19041497,19043162,19044661,19045241,19048772,19068723,19077044,	19041586,19043346,19044695,19045288,19048912,19068798,19077395,	0	TTTY14	none	none	-1,-1,-1,-1,-1,-1,-1,
734	ENST00000623231.1	chrY	-	19576008	19576182	19576008	19576182	2	19576008,19576158,	19576083,19576182,	0	AC009977.1	incmpl	incmpl	0,0,
735	ENST00000566193.1	chrY	-	19691940	19694606	19691940	19691940	1	19691940,	19694606,	0	RP11-424G14.1	none	none	-1,
735	ENST00000317961.8	chrY	-	19705414	19744923	19705994	19744534	27	19705414,19706440,19706793,19707146,19707933,19708243,19708874,19709450,19710375,19715351,19715614,19715822,19716278,19716595,19720871,19721129,19731771,19732045,19732583,19735351,19735620,19739527,19741317,19741734,19743161,19744384,19744670,	19706345,19706640,19706863,19707746,19708071,19708423,19709013,19709809,19710472,19715499,19715739,19716004,19716473,19716715,19721034,19721311,19731930,19732165,19732742,19735497,19735750,19739662,19741488,19741857,19743239,19744553,19744923,	0	KDM5D	cmpl	cmpl	0,1,0,0,0,0,2,0,2,1,2,0,0,0,2,0,0,0,0,1,0,0,0,0,0,0,-1,
735	ENST00000541639.5	chrY	-	19705416	19744939	19705994	19744534	28	19705416,19706440,19706793,19707146,19707933,19708243,19708874,19709450,19710375,19715351,19715614,19715822,19716278,19716595,19720871,19721129,19723340,19731771,19732045,19732583,19735351,19735620,19739527,19741317,19741734,19743161,19744384,19744670,	19706345,19706640,19706863,19707746,19708071,19708423,19709013,19709809,19710472,19715499,19715739,19716004,19716473,19716715,19721034,19721311,19723433,19731930,19732165,19732742,19735497,19735750,19739662,19741488,19741857,19743239,19744553,19744939,	0	KDM5D	cmpl	cmpl	0,1,0,0,0,0,2,0,2,1,2,0,0,0,2,0,0,0,0,0,1,0,0,0,0,0,0,-1,
735	ENST00000382806.6	chrY	-	19705419	19744761	19705994	19744534	26	19705419,19706440,19706793,19707146,19707933,19708243,19708874,19709450,19710375,19715351,19715614,19715822,19716278,19716595,19720871,19721129,19731771,19732045,19732583,19735351,19735620,19739527,19741734,19743161,19744384,19744670,	19706345,19706640,19706863,19707746,19708071,19708423,19709013,19709809,19710472,19715499,19715739,19716004,19716473,19716715,19721034,19721311,19731930,19732165,19732742,19735497,19735750,19739662,19741857,19743239,19744553,19744761,	0	KDM5D	cmpl	cmpl	0,1,0,0,0,0,2,0,2,1,2,0,0,0,2,0,0,0,0,1,0,0,0,0,0,-1,
741	ENST00000455084.1	chrY	-	20465667	20519228	20465667	20465667	6	20465667,20466427,20468188,20469871,20507351,20518270,	20465822,20466667,20468248,20469981,20507456,20519228,	0	TTTY10	none	none	-1,-1,-1,-1,-1,-1,
743	ENST00000629237.1	chrY	+	20756163	20781032	20756163	20781032	7	20756163,20756777,20759867,20761283,20768804,20779508,20780930,	20756166,20756855,20760048,20761381,20768976,20779666,20781032,	0	RPS4Y2	cmpl	cmpl	0,0,0,1,0,1,0,
745	ENST00000527562.1	chrY	-	21038288	21044724	21038288	21038288	3	21038288,21042268,21044598,	21039044,21042369,21044724,	0	RP11-65G9.1	none	none	-1,-1,-1,
748	ENST00000401283.2	chrY	-	21370917	21371003	21370917	21370917	1	21370917,	21371003,	0	AC010086.2	none	none	-1,
748	ENST00000382764.1	chrY	-	21382953	21386360	21383185	21386263	4	21382953,21383431,21383912,21386231,	21383280,21383796,21383969,21386360,	0	PRORY	cmpl	cmpl	1,2,2,0,
749	ENST00000383020.7	chrY	+	21511337	21525786	21513350	21525508	12	21511337,21513346,21513933,21517056,21519149,21521312,21522382,21522934,21523479,21524511,21524709,21525209,	21511485,21513459,21514037,21517234,21519302,21521427,21522493,21523045,21523590,21524622,21524798,21525786,	0	RBMY1B	cmpl	cmpl	-1,0,1,0,1,1,2,2,2,2,2,1,
749	ENST00000439108.6	chrY	+	21511371	21549318	21513350	21549048	12	21511371,21513346,21513933,21540597,21542690,21544853,21545923,21546475,21547020,21548052,21548249,21548749,	21511485,21513459,21514037,21540775,21542843,21544968,21546034,21546586,21547131,21548163,21548338,21549318,	0	RBMY1A1	cmpl	cmpl	-1,0,1,0,1,1,2,2,2,2,2,1,
749	ENST00000303902.9	chrY	+	21511424	21549094	21513350	21549048	11	21511424,21513346,21513933,21540597,21542690,21544853,21545923,21546475,21547020,21548249,21548749,	21511485,21513459,21514037,21540775,21542843,21544968,21546034,21546586,21547131,21548338,21549094,	0	RBMY1A1	cmpl	cmpl	-1,0,1,0,1,1,2,2,2,2,1,
749	ENST00000619219.1	chrY	+	21511424	21549094	21513350	21549048	11	21511424,21513346,21513933,21517056,21519149,21521312,21522382,21522934,21523479,21524709,21548749,	21511485,21513459,21514037,21517234,21519302,21521427,21522493,21523045,21523590,21524798,21549094,	0	RBMY1B	cmpl	cmpl	-1,0,1,0,1,1,2,2,2,2,1,
749	ENST00000382707.6	chrY	+	21534878	21549326	21536891	21549048	12	21534878,21536887,21537474,21540597,21542690,21544853,21545923,21546475,21547020,21548052,21548249,21548749,	21535026,21537000,21537578,21540775,21542843,21544968,21546034,21546586,21547131,21548163,21548338,21549326,	0	RBMY1A1	cmpl	cmpl	-1,0,1,0,1,1,2,2,2,2,2,1,
749	ENST00000330337.2	chrY	-	21583599	21594666	21583599	21583599	6	21583599,21584782,21587500,21589271,21589965,21594585,	21583662,21584874,21587662,21589370,21590127,21594666,	0	TTTY13	none	none	-1,-1,-1,-1,-1,-1,
752	ENST00000382659.6	chrY	-	21903617	21918067	21903895	21916054	12	21903617,21904605,21904780,21905812,21906357,21906909,21907975,21910100,21912168,21915365,21915945,21917919,	21904194,21904694,21904891,21905923,21906468,21907020,21908090,21910253,21912346,21915469,21916058,21918067,	0	RBMY1E	cmpl	cmpl	1,2,2,2,2,2,1,1,0,1,0,-1,
752	ENST00000382658.5	chrY	-	21903619	21918032	21903895	21916054	11	21903619,21904605,21905812,21906357,21906909,21907975,21910100,21912168,21915365,21915945,21917919,	21904194,21904694,21905923,21906468,21907020,21908090,21910253,21912346,21915469,21916058,21918032,	0	RBMY1E	cmpl	cmpl	1,2,2,2,2,1,1,0,1,0,-1,
753	ENST00000303804.5	chrY	-	22071755	22096007	22072322	22084839	5	22071755,22082079,22084770,22095731,22095919,	22072581,22082195,22084891,22095818,22096007,	0	PRY2	cmpl	cmpl	2,0,0,-1,-1,
753	ENST00000417910.5	chrY	-	22100813	22105869	22100813	22100813	4	22100813,22102104,22102884,22105749,	22101055,22102369,22103002,22105869,	0	AC007359.6	none	none	-1,-1,-1,-1,
753	ENST00000419158.1	chrY	-	22101691	22147484	22101691	22101691	13	22101691,22102884,22103546,22103863,22105749,22107551,22121283,22122067,22129364,22129758,22139949,22146639,22147283,	22102369,22103002,22103743,22103949,22106085,22107641,22121637,22122186,22129450,22129981,22140090,22146949,22147484,	0	AC007359.6	none	none	-1,-1,-1,-1,-1,-1,-1,-1,-1,-1,-1,-1,-1,
753	ENST00000253848.3	chrY	+	22144965	22146831	22144965	22144965	3	22144965,22145297,22146592,	22145079,22145435,22146831,	0	TTTY6B	none	none	-1,-1,-1,
754	ENST00000303766.11	chrY	-	22168541	22182948	22168819	22180969	12	22168541,22169529,22169704,22170738,22171283,22171834,22172900,22175025,22177093,22180290,22180860,22182834,	22169118,22169618,22169815,22170849,22171394,22171945,22173015,22175178,22177271,22180394,22180973,22182948,	0	RBMY1F	cmpl	cmpl	1,2,2,2,2,2,1,1,0,1,0,-1,
754	ENST00000454978.2	chrY	-	22168541	22182982	22168819	22180969	11	22168541,22169529,22170738,22171283,22171834,22172900,22175025,22177093,22180290,22180860,22182834,	22169118,22169618,22170849,22171394,22171945,22173015,22175178,22177271,22180394,22180973,22182982,	0	RBMY1F	cmpl	cmpl	1,2,2,2,2,1,1,0,1,0,-1,
755	ENST00000400581.2	chrY	-	22296797	22298876	22296797	22296797	2	22296797,22298305,	22297788,22298876,	0	TTTY5	none	none	-1,-1,
756	ENST00000446299.5	chrY	+	22438939	22484714	22438939	22438939	13	22438939,22439474,22446331,22456434,22456965,22464229,22464778,22478764,22480320,22482456,22482662,22483403,22484036,	22439140,22439784,22446472,22456657,22457051,22464348,22465132,22478854,22480656,22482542,22482859,22483521,22484714,	0	AC008175.1	none	none	-1,-1,-1,-1,-1,-1,-1,-1,-1,-1,-1,-1,-1,
756	ENST00000253838.3	chrY	-	22439592	22441458	22439592	22439592	3	22439592,22440988,22441344,	22439831,22441126,22441458,	0	TTTY6	none	none	-1,-1,-1,
756	ENST00000439653.1	chrY	+	22480536	22485592	22480536	22480536	4	22480536,22483403,22484036,22485350,	22480656,22483521,22484301,22485592,	0	AC008175.1	none	none	-1,-1,-1,-1,
756	ENST00000303728.5	chrY	+	22490396	22514637	22501564	22514070	5	22490396,22490585,22501512,22504208,22513811,	22490484,22490672,22501633,22504324,22514637,	0	PRY	cmpl	cmpl	-1,-1,0,0,2,
759	ENST00000416110.1	chrY	+	22851583	22852715	22851583	22851583	2	22851583,22852609,	22851643,22852715,	0	TTTY17A	none	none	-1,-1,
760	ENST00000331070.8	chrY	+	22984262	23005465	22992343	22998268	9	22984262,22984568,22987756,22992302,22994480,22997451,22998249,23004924,23005143,	22984293,22984691,22987893,22992421,22994598,22997557,22998374,23005049,23005465,	0	BPY2	cmpl	cmpl	-1,-1,-1,0,0,1,2,-1,-1,
760	ENST00000382585.2	chrY	+	22992343	22998268	22992343	22998268	4	22992343,22994480,22997451,22998249,	22992421,22994598,22997557,22998268,	0	BPY2	cmpl	cmpl	0,0,1,2,
761	ENST00000405239.5	chrY	-	23129354	23199094	23135209	23198800	28	23129354,23135174,23139846,23140625,23143010,23152796,23155173,23157569,23159952,23162348,23164739,23167184,23168656,23168885,23169385,23169997,23170363,23179496,23179725,23180225,23180837,23181203,23190344,23190573,23191073,23191685,23192051,23198797,	23131211,23135273,23139881,23140697,23143082,23152868,23155245,23157641,23160024,23162420,23164811,23167256,23168796,23168949,23169437,23170089,23170510,23179636,23179789,23180277,23180929,23181350,23190484,23190637,23191125,23191777,23192198,23199094,	0	DAZ1	cmpl	cmpl	-1,2,0,0,0,0,0,0,0,0,0,0,1,0,2,0,0,1,0,2,0,0,1,0,2,0,0,0,
761	ENST00000540248.5	chrY	-	23129361	23199010	23135209	23198800	17	23129361,23135174,23139846,23140625,23152796,23155173,23157569,23159952,23162348,23164739,23167184,23190344,23190573,23191073,23191685,23192051,23198797,	23131211,23135273,23139881,23140697,23152868,23155245,23157641,23160024,23162420,23164811,23167256,23190484,23190637,23191125,23191777,23192198,23199010,	0	DAZ1	cmpl	cmpl	-1,2,0,0,0,0,0,0,0,0,0,1,0,2,0,0,0,
761	ENST00000382510.8	chrY	-	23129862	23198923	23130279	23198800	21	23129862,23159963,23162348,23164739,23167184,23168656,23168885,23169385,23169997,23170363,23179496,23179725,23180225,23180837,23181203,23190344,23190573,23191073,23191685,23192051,23198797,	23130356,23160024,23162420,23164811,23167256,23168796,23168949,23169437,23170089,23170510,23179636,23179789,23180277,23180929,23181350,23190484,23190637,23191125,23191777,23192198,23198923,	0	DAZ1	cmpl	cmpl	1,0,0,0,0,1,0,2,0,0,1,0,2,0,0,1,0,2,0,0,0,
761	ENST00000426000.6	chrY	-	23130709	23199008	23135209	23198800	16	23130709,23135174,23139846,23140625,23143010,23152796,23157569,23162348,23164739,23167184,23190344,23190573,23191073,23191685,23192051,23198797,	23131211,23135273,23139881,23140697,23143082,23152868,23157641,23162420,23164811,23167256,23190484,23190637,23191125,23191777,23192198,23199008,	0	DAZ1	cmpl	cmpl	-1,2,0,0,0,0,0,0,0,0,1,0,2,0,0,0,
761	ENST00000620725.1	chrY	-	23131003	23198987	23135209	23198800	21	23131003,23135174,23137480,23138209,23140625,23143010,23152796,23155173,23157569,23159952,23162348,23164739,23167184,23178020,23188868,23190344,23190573,23191073,23191685,23192051,23198797,	23131211,23135275,23137513,23138281,23140697,23143082,23152868,23155245,23157641,23160024,23162420,23164811,23167256,23178092,23188940,23190484,23190637,23191125,23191777,23192198,23198987,	0	DAZ1	cmpl	cmpl	-1,0,0,0,0,0,0,0,0,0,0,0,0,0,0,1,0,2,0,0,0,
762	ENST00000400493.6	chrY	+	23219433	23291356	23219740	23285501	19	23219433,23226343,23226764,23227416,23227904,23228057,23229597,23232040,23234431,23236827,23241605,23246385,23248762,23253540,23255917,23280012,23280828,23285437,23289499,	23219743,23226490,23226856,23227468,23227968,23228197,23229669,23232112,23234503,23236899,23241677,23246457,23248834,23253612,23255989,23280084,23280863,23285536,23291356,	0	DAZ2	cmpl	cmpl	0,0,0,2,0,1,0,0,0,0,0,0,0,0,0,0,0,2,-1,
762	ENST00000449947.5	chrY	+	23219433	23291356	23219740	23285501	17	23219433,23226343,23226764,23227416,23227904,23228057,23229597,23232040,23234431,23236827,23239209,23241605,23248762,23280012,23280828,23285437,23289499,	23219743,23226490,23226856,23227468,23227968,23228197,23229669,23232112,23234503,23236899,23239281,23241677,23248834,23280084,23280863,23285536,23291356,	0	DAZ2	cmpl	cmpl	0,0,0,2,0,1,0,0,0,0,0,0,0,0,0,2,-1,
762	ENST00000382449.5	chrY	+	23219446	23291356	23219740	23285501	23	23219446,23226343,23226764,23227416,23227904,23228057,23229597,23232040,23234431,23241605,23243989,23253540,23255917,23265706,23268090,23270475,23272859,23275243,23277627,23280012,23280828,23285437,23289499,	23219743,23226490,23226856,23227468,23227968,23228197,23229669,23232112,23234503,23241677,23244061,23253612,23255989,23265778,23268162,23270547,23272931,23275315,23277699,23280084,23280863,23285536,23291356,	0	DAZ2	cmpl	cmpl	0,0,0,2,0,1,0,0,0,0,0,0,0,0,0,0,0,0,0,0,0,2,-1,
762	ENST00000382294.6	chrY	+	23219456	23291356	23219740	23285501	16	23219456,23226343,23226764,23227416,23227904,23228057,23229597,23232040,23239209,23265706,23268090,23270475,23280012,23280828,23285437,23289499,	23219743,23226490,23226856,23227468,23227968,23228197,23229669,23232112,23239281,23265778,23268162,23270547,23280084,23280863,23285536,23291356,	0	DAZ2	cmpl	cmpl	0,0,0,2,0,1,0,0,0,0,0,0,0,0,2,-1,
762	ENST00000382306.6	chrY	+	23219456	23291356	23219740	23285501	23	23219456,23226343,23226764,23227416,23227904,23228057,23229597,23232040,23234431,23236827,23239209,23241605,23248762,23265706,23268090,23270475,23272859,23275243,23277627,23280012,23280828,23285437,23289499,	23219743,23226490,23226856,23227468,23227968,23228197,23229669,23232112,23234503,23236899,23239281,23241677,23248834,23265778,23268162,23270547,23272931,23275315,23277699,23280084,23280863,23285536,23291356,	0	DAZ2	cmpl	cmpl	0,0,0,2,0,1,0,0,0,0,0,0,0,0,0,0,0,0,0,0,0,2,-1,
762	ENST00000382424.8	chrY	+	23219456	23291356	23219740	23285501	24	23219456,23226343,23226764,23227416,23227904,23228057,23229597,23232040,23234431,23236827,23239209,23241605,23248762,23255917,23265706,23268090,23270475,23272859,23275243,23277627,23280012,23280828,23285437,23289499,	23219743,23226490,23226856,23227468,23227968,23228197,23229669,23232112,23234503,23236899,23239281,23241677,23248834,23255989,23265778,23268162,23270547,23272931,23275315,23277699,23280084,23280863,23285536,23291356,	0	DAZ2	cmpl	cmpl	0,0,0,2,0,1,0,0,0,0,0,0,0,0,0,0,0,0,0,0,0,0,2,-1,
762	ENST00000382431.8	chrY	+	23219456	23291356	23219740	23285501	21	23219456,23226343,23226764,23227416,23227904,23228057,23229597,23232040,23234431,23236827,23239209,23241605,23243989,23246385,23248762,23253540,23255917,23280012,23280828,23285437,23289499,	23219743,23226490,23226856,23227468,23227968,23228197,23229669,23232112,23234503,23236899,23239281,23241677,23244061,23246457,23248834,23253612,23255989,23280084,23280863,23285536,23291356,	0	DAZ2	cmpl	cmpl	0,0,0,2,0,1,0,0,0,0,0,0,0,0,0,0,0,0,0,2,-1,
762	ENST00000382440.5	chrY	+	23219474	23291352	23219740	23285501	28	23219474,23226343,23226764,23227416,23227904,23228057,23229597,23232040,23234431,23236827,23239209,23241605,23243989,23246385,23248762,23251144,23253540,23255917,23265706,23268090,23270475,23272859,23275243,23277627,23280012,23280828,23285437,23289499,	23219743,23226490,23226856,23227468,23227968,23228197,23229669,23232112,23234503,23236899,23239281,23241677,23244061,23246457,23248834,23251216,23253612,23255989,23265778,23268162,23270547,23272931,23275315,23277699,23280084,23280863,23285536,23291352,	0	DAZ2	cmpl	cmpl	0,0,0,2,0,1,0,0,0,0,0,0,0,0,0,0,0,0,0,0,0,0,0,0,0,0,2,-1,
762	ENST00000382433.4	chrY	+	23219547	23289999	23219740	23285501	24	23219547,23226343,23226764,23227416,23227904,23228057,23229597,23232040,23234431,23241605,23243989,23246385,23248762,23255917,23265706,23268090,23270475,23272859,23275243,23277627,23280012,23280828,23285437,23289499,	23219743,23226490,23226856,23227468,23227968,23228197,23229669,23232112,23234503,23241677,23244061,23246457,23248834,23255989,23265778,23268162,23270547,23272931,23275315,23277699,23280084,23280863,23285536,23289999,	0	DAZ2	cmpl	cmpl	0,0,0,2,0,1,0,0,0,0,0,0,0,0,0,0,0,0,0,0,0,0,2,-1,
763	ENST00000516116.1	chrY	-	23423098	23423236	23423098	23423098	1	23423098,	23423236,	0	SNORA70	none	none	-1,
766	ENST00000516872.1	chrY	-	23740941	23741105	23740941	23740941	1	23740941,	23741105,	0	RNU1-97P	none	none	-1,
767	ENST00000631331.1	chrY	-	23936726	23941622	23936726	23936726	3	23936726,23939185,23941518,	23936831,23939320,23941622,	0	TTTY3B	none	none	-1,-1,-1,
767	ENST00000516108.1	chrY	-	23946617	23946771	23946617	23946617	1	23946617,	23946771,	0	RNU1-86P	none	none	-1,
768	ENST00000306882.4	chrY	-	24045228	24047969	24045603	24047688	2	24045228,24046096,	24045676,24047969,	0	CDY1B	cmpl	cmpl	2,0,
768	ENST00000382407.1	chrY	-	24045792	24048019	24046065	24047688	1	24045792,	24048019,	0	CDY1B	cmpl	cmpl	0,
769	ENST00000621346.1	chrY	+	24172085	24172151	24172085	24172085	1	24172085,	24172151,	0	AC023274.1	none	none	-1,
769	ENST00000306853.1	chrY	-	24183433	24187231	24183433	24183433	2	24183433,24186508,	24183505,24187231,	0	CSPG4P2Y	none	none	-1,-1,
769	ENST00000624333.1	chrY	-	24196424	24206144	24196514	24206132	4	24196424,24204476,24206047,24206099,	24196679,24204626,24206098,24206144,	0	AC012005.4	cmpl	cmpl	0,0,0,0,
769	ENST00000516761.1	chrY	-	24210049	24210132	24210049	24210049	1	24210049,	24210132,	0	AC012005.2	none	none	-1,
769	ENST00000485099.3	chrY	-	24210957	24211216	24210957	24210957	1	24210957,	24211216,	0	RN7SL818P	none	none	-1,
769	ENST00000620198.1	chrY	-	24213353	24213419	24213353	24213353	1	24213353,	24213419,	0	AC012005.1	none	none	-1,
770	ENST00000624575.1	chrY	-	24362030	24362436	24362331	24362409	1	24362030,	24362436,	0	AC012005.3	cmpl	cmpl	0,
771	ENST00000441906.1	chrY	+	24485331	24486463	24485331	24485331	2	24485331,24486357,	24485391,24486463,	0	TTTY17B	none	none	-1,-1,
772	ENST00000420149.1	chrY	+	24570201	24607025	24570201	24570201	4	24570201,24597368,24599248,24606024,	24570362,24597444,24599356,24607025,	0	TTTY4B	none	none	-1,-1,-1,-1,
772	ENST00000382392.5	chrY	+	24618003	24639207	24626084	24632010	9	24618003,24618309,24621497,24626043,24628221,24631193,24631991,24638666,24638885,	24618034,24618432,24621634,24626162,24628339,24631299,24632116,24638791,24639207,	0	BPY2B	cmpl	cmpl	-1,-1,-1,0,0,1,2,-1,-1,
772	ENST00000615850.1	chrY	+	24626084	24632010	24626084	24632010	4	24626084,24628221,24631193,24631991,	24626162,24628339,24631299,24632010,	0	BPY2B	cmpl	cmpl	0,0,1,2,
776	ENST00000618574.1	chrY	-	25038097	25044023	25038097	25044023	4	25038097,25038808,25041768,25043945,	25038116,25038914,25041886,25044023,	0	BPY2C	cmpl	cmpl	2,1,0,0,
776	ENST00000456123.1	chrY	-	25063082	25099892	25063082	25063082	4	25063082,25070733,25072645,25099731,	25064083,25070841,25072721,25099892,	0	TTTY4C	none	none	-1,-1,-1,-1,
777	ENST00000421387.1	chrY	-	25183642	25184773	25183642	25183642	2	25183642,25184713,	25183748,25184773,	0	TTTY17C	none	none	-1,-1,
778	ENST00000624491.1	chrY	+	25307701	25308107	25307728	25307806	1	25307701,	25308107,	0	AC006386.1	cmpl	cmpl	0,
778	ENST00000427373.5	chrY	-	25378299	25394719	25378299	25378299	3	25378299,25386916,25394625,	25378878,25387085,25394719,	0	LINC00266-4P	none	none	-1,-1,-1,
778	ENST00000611754.1	chrY	-	25378670	25391610	25378670	25378670	4	25378670,25378819,25386916,25391260,	25378815,25378878,25387085,25391610,	0	LINC00266-4P	none	none	-1,-1,-1,-1,
779	ENST00000616095.1	chrY	+	25456722	25456788	25456722	25456722	1	25456722,	25456788,	0	AC006328.3	none	none	-1,
779	ENST00000606439.2	chrY	+	25458925	25459184	25458925	25458925	1	25458925,	25459184,	0	RN7SL725P	none	none	-1,
779	ENST00000516662.1	chrY	+	25460009	25460092	25460009	25460009	1	25460009,	25460092,	0	AC006328.1	none	none	-1,
779	ENST00000623198.1	chrY	+	25463993	25473714	25464005	25473624	4	25463993,25464039,25465511,25473459,	25464038,25464090,25465661,25473714,	0	AC006328.4	cmpl	cmpl	0,0,0,0,
779	ENST00000306641.1	chrY	+	25482907	25486705	25482907	25482907	2	25482907,25486633,	25483630,25486705,	0	CSPG4P1Y	none	none	-1,-1,
779	ENST00000612245.1	chrY	-	25497993	25498059	25497993	25497993	1	25497993,	25498059,	0	AC006328.2	none	none	-1,
780	ENST00000361963.3	chrY	+	25622161	25624338	25622442	25624065	1	25622161,	25624338,	0	CDY1	cmpl	cmpl	0,
780	ENST00000306609.4	chrY	+	25622161	25624902	25622442	25624527	2	25622161,25624454,	25624034,25624902,	0	CDY1	cmpl	cmpl	0,2,
781	ENST00000516617.1	chrY	+	25723341	25723495	25723341	25723341	1	25723341,	25723495,	0	RNU1-107P	none	none	-1,
781	ENST00000417334.1	chrY	+	25728489	25733388	25728489	25728489	3	25728489,25730791,25733283,	25728593,25730926,25733388,	0	TTTY3	none	none	-1,-1,-1,
782	ENST00000516816.1	chrY	+	25928978	25929142	25928978	25928978	1	25928978,	25929142,	0	RNU1-40P	none	none	-1,
785	ENST00000515987.1	chrY	+	26247383	26247521	26247383	26247383	1	26247383,	26247521,	0	SNORA70	none	none	-1,
786	ENST00000517139.1	chrY	+	26360988	26361092	26360988	26360988	1	26360988,	26361092,	0	RNU6-1314P	none	none	-1,
786	ENST00000620883.1	chrY	-	26411058	26411158	26411058	26411058	1	26411058,	26411158,	0	AC013734.1	none	none	-1,
1019	ENST00000302805.7	chrY	+	56954331	56968979	56960391	56961258	2	56954331,56960285,	56954656,56968979,	0	SPRY3	cmpl	cmpl	-1,0,
1020	ENST00000286448.11	chrY	+	57067812	57130289	57075986	57128471	8	57067812,57075977,57082142,57084631,57087016,57106332,57126220,57128402,	57067968,57076132,57082200,57084769,57087107,57106400,57126313,57130289,	0	VAMP7	cmpl	cmpl	-1,0,2,0,0,1,0,0,
1020	ENST00000262640.11	chrY	+	57067894	57130289	57075986	57128659	7	57067894,57075977,57082142,57084631,57087016,57126220,57128402,	57067968,57076132,57082200,57084769,57087107,57126313,57130289,	0	VAMP7	cmpl	cmpl	-1,0,2,0,0,1,1,
1020	ENST00000460621.6	chrY	+	57067897	57128509	57075986	57128471	7	57067897,57075977,57084631,57087016,57106332,57126220,57128402,	57067968,57076067,57084769,57087107,57106400,57126313,57128509,	0	VAMP7	cmpl	cmpl	-1,0,0,0,1,0,0,
1021	ENST00000244174.10	chrY	+	57184100	57197128	57184279	57196929	9	57184100,57189425,57189968,57190196,57190939,57191797,57192602,57194042,57196335,	57184307,57189539,57190080,57190375,57191085,57191999,57192708,57194127,57197128,	0	IL9R	cmpl	cmpl	0,1,1,2,1,0,1,2,0,
1021	ENST00000369423.7	chrY	+	57184225	57197337	57184263	57196372	9	57184225,57187927,57189401,57189968,57190203,57190968,57191797,57192602,57196335,	57184307,57188028,57189539,57190080,57190375,57191085,57191999,57192708,57197337,	0	IL9R	cmpl	cmpl	0,2,1,1,2,0,0,1,2,
1021	ENST00000483543.7	chrY	+	57190737	57208756	57190737	57190737	4	57190737,57194042,57208210,57208518,	57191085,57194127,57208312,57208756,	0	AJ271736.10	none	none	-1,-1,-1,-1,
1021	ENST00000399966.9	chrY	-	57201142	57203357	57201142	57201142	2	57201142,57203181,	57202020,57203357,	0	WASIR1	none	none	-1,-1,
1021	ENST00000616415.5	chrY	+	57209150	57209218	57209150	57209150	1	57209150,	57209218,	0	AJ271736.1	none	none	-1,
