name	chrom	strand	txStart	txEnd	cdsStart	cdsEnd	exonCount	exonStarts	exonEnds	proteinID	alignID
uc065cma.1	chrY	+	281193	288787	284187	288787	4	281193,281481,284166,288732,	281256,281684,284314,288787,	K7EIC3	ENST00000429181.6
uc065cmc.1	chrY	+	283162	288829	284187	288829	3	283162,284166,288732,	283201,284314,288829,	A0A0A0MSZ3	ENST00000443019.6
uc065clz.1	chrY	+	281054	288869	284187	288869	4	281054,281481,284166,288732,	281121,281684,284314,288869,	A0A0A0MT29	ENST00000445062.6
uc065cmf.1	chrY	+	283733	290757	284187	290757	3	283733,288732,290647,	284314,288869,290757,	A0A0A0MT41	ENST00000448477.6
uc065clx.1	chrY	+	276323	291537	276323	276323	5	276323,284166,288732,290647,291498,	276394,284314,288869,290792,291537,		ENST00000484611.7
uc065cly.1	chrY	+	276352	291629	284187	291629	5	276352,284166,288732,290647,291498,	276394,284314,288869,290776,291629,	C9JP92	ENST00000430923.7
uc065cme.1	chrY	+	283478	291629	284187	291629	5	283478,284166,288732,290647,291498,	283520,284314,288869,290776,291629,	C9JP92	ENST00000447472.6
uc065cmd.1	chrY	+	283464	291639	284187	291639	5	283464,284166,288732,290647,291498,	283488,284314,288869,290776,291639,	X6RFG1	ENST00000415337.6
uc065clw.1	chrY	+	276321	303353	284187	299335	8	276321,281481,284166,288732,290647,291498,293034,299096,	276394,281684,284314,288869,290776,291654,293218,303353,	Q9NUJ7	ENST00000399012.6
uc065cmb.1	chrY	+	281461	303353	284187	299335	8	281461,284166,288732,290647,291498,293034,299096,302836,	281684,284314,288869,290776,291654,293218,299465,303353,	Q9NUJ7	ENST00000381663.8
uc004fop.4	chrY	+	281191	303356	284187	299335	7	281191,284166,288732,290647,291498,293034,299096,	281684,284314,288869,290776,291654,293218,303356,	Q9NUJ7	ENST00000381657.7
uc065cmg.1	chrY	-	304528	312463	304528	304528	4	304528,307359,307731,311418,	305197,307512,307880,312463,		ENST00000485332.7
uc033fcx.2	chrY	-	304749	318819	305073	318787	10	304749,307359,307731,311418,312765,314149,314889,315228,316913,318438,	305197,307512,307880,311627,312924,314217,315020,315299,317051,318819,	H0Y2S1	ENST00000326153.9
uc065cmh.1	chrY	+	320989	321851	320989	320989	2	320989,321682,	321248,321851,		ENST00000391707.7
uc065cmi.1	chrY	-	334234	341711	334234	334234	5	334234,338603,338777,340764,341306,	334517,338710,338896,340940,341711,		ENST00000479438.6
uc065cml.1	chrY	-	340764	345626	340764	340764	4	340764,341306,341882,345515,	340940,341396,342237,345626,		ENST00000484364.6
uc065cmk.1	chrY	-	338612	345629	338612	338612	5	338612,340764,341306,341882,345515,	338896,340940,341396,341931,345629,		ENST00000468169.6
uc065cmm.1	chrY	-	341910	346514	341910	341910	3	341910,345515,346173,	341931,345672,346514,		ENST00000477636.6
uc065cmj.1	chrY	-	334238	347324	334238	334238	8	334238,338777,340764,341306,345515,346173,346700,347233,	338710,338896,340940,341931,345672,346260,346775,347324,		ENST00000477110.6
uc065cmo.1	chrY	-	346719	347838	346719	346719	3	346719,347233,347589,	346775,347336,347838,		ENST00000475859.6
uc065cmn.1	chrY	-	346636	361516	346636	346636	4	346636,347233,347589,361404,	346775,347336,347693,361516,		ENST00000496630.6
uc065cmp.1	chrY	-	347610	374044	347610	373771	3	347610,361404,373531,	347693,361590,374044,	C9JMU6	ENST00000381625.9
uc004fot.4	chrY	-	333962	386710	334366	386691	13	333962,338603,338777,340764,341306,341882,345515,346173,346700,347233,347589,361404,386367,	334517,338710,338896,340940,341396,341931,345672,346260,346775,347336,347693,361590,386710,	Q9Y5P8	ENST00000390665.8
uc011nah.3	chrY	-	344895	386955	344895	344895	8	344895,346173,346700,347233,347589,361404,362254,386367,	345672,346260,346775,347336,347693,361590,362332,386955,		ENST00000445792.7
uc065cmr.1	chrY	-	388099	388389	388099	388099	1	388099,	388389,		ENST00000610676.5
uc065cmq.1	chrY	+	386979	405579	386979	386979	2	386979,405406,	387290,405579,		ENST00000627721.3
uc065cms.1	chrY	+	419156	421980	419156	419156	2	419156,421671,	419362,421980,		ENST00000627627.3
uc065cmt.1	chrY	+	630806	645568	630897	644636	5	630806,634617,640820,640998,644390,	631174,634826,640878,641087,645568,	O15266	ENST00000554971.6
uc004fou.1	chrY	+	624343	646823	630897	644636	6	624343,630465,634617,640820,640998,644390,	624602,631174,634826,640878,641087,646823,	O15266	ENST00000381578.6
uc004fov.3	chrY	+	624343	659411	630897	658829	6	624343,630465,634617,640820,640998,658784,	624602,631174,634826,640878,641087,659411,	O15266	ENST00000334060.8
uc065cmu.1	chrY	+	630806	659411	630897	658829	5	630806,634617,640820,640998,658784,	631174,634826,640878,641087,659411,	O15266	ENST00000381575.6
uc065cmv.1	chrY	+	990220	994365	990220	990220	2	990220,993984,	990427,994365,		ENST00000420865.6
uc004foy.4	chrY	-	1190896	1212634	1190896	1206445	7	1190896,1193217,1196779,1198561,1202401,1206432,1212555,	1191160,1193302,1196900,1198724,1202535,1206599,1212634,	Q9HC73	ENST00000381567.8
uc065cmw.1	chrY	-	1187548	1212637	1190896	1212634	9	1187548,1190496,1193217,1196779,1198561,1202401,1206432,1208805,1212555,	1187574,1191160,1193302,1196900,1198724,1202535,1206599,1208908,1212637,	Q9HC73	ENST00000381566.6
uc065cmx.1	chrY	-	1190491	1212723	1198926	1212634	8	1190491,1193217,1196779,1198800,1202401,1206432,1208805,1212555,	1191160,1193302,1196900,1199145,1202535,1206599,1208905,1212723,	A0A0C4DH06	ENST00000467626.6
uc022ciq.3	chrY	-	1190489	1212750	1190896	1212634	8	1190489,1193217,1196779,1198561,1202401,1206432,1208805,1212555,	1191160,1193302,1196900,1198724,1202535,1206599,1208908,1212750,	Q9HC73	ENST00000400841.7
uc065cnc.1	chrY	+	1268834	1282220	1268834	1268834	3	1268834,1274754,1281870,	1268879,1274818,1282220,		ENST00000481245.6
uc065cne.1	chrY	+	1285651	1288640	1285651	1285651	2	1285651,1288518,	1285920,1288640,		ENST00000477940.6
uc065cnf.1	chrY	+	1288597	1289105	1288597	1288597	2	1288597,1288758,	1288642,1289105,		ENST00000478256.6
uc065cna.1	chrY	+	1268829	1290427	1282703	1290427	8	1268829,1274754,1282408,1282677,1285777,1288518,1288758,1290336,	1268879,1274818,1282560,1282779,1285920,1288642,1288888,1290427,	J3JS73	ENST00000419094.6
uc065cnh.1	chrY	+	1291754	1291828	1291754	1291754	1	1291754,	1291828,		ENST00000581137.6
uc065cni.1	chrY	+	1292093	1292167	1292093	1292093	1	1292093,	1292167,		ENST00000580687.6
uc065cnj.1	chrY	+	1293614	1293689	1293614	1293614	1	1293614,	1293689,		ENST00000578699.6
uc022cis.1	chrY	+	1293917	1293992	1293917	1293917	1	1293917,	1293992,		ENST00000580266.6
uc065cnk.1	chrY	+	1294131	1294206	1294131	1294131	1	1294131,	1294206,		ENST00000583047.6
uc065cmz.1	chrY	+	1268817	1294395	1282703	1294395	7	1268817,1282677,1285777,1288518,1288758,1290336,1294327,	1268879,1282779,1285920,1288642,1288888,1290509,1294395,	J3JS74	ENST00000412290.6
uc065cnl.1	chrY	+	1294224	1295578	1294224	1294224	2	1294224,1295426,	1294461,1295578,		ENST00000491683.6
uc065cnn.1	chrY	-	1300255	1300375	1300255	1300255	1	1300255,	1300375,		ENST00000411342.6
uc065cmy.1	chrY	+	1268813	1300543	1268813	1268813	9	1268813,1274754,1282677,1288518,1288758,1290336,1294327,1295426,1300490,	1268879,1274842,1282779,1288642,1288888,1290509,1294461,1295456,1300543,		ENST00000493312.6
uc011nai.2	chrY	+	1268831	1305941	1282703	1305735	13	1268831,1274754,1282677,1285777,1288518,1288758,1290336,1294327,1295426,1300490,1303922,1305445,1305627,	1268879,1274842,1282779,1285920,1288642,1288888,1290509,1294461,1295456,1300626,1304019,1305527,1305941,	P15509	ENST00000381509.8
uc004fpe.3	chrY	+	1282685	1309638	1282703	1305501	10	1282685,1285777,1288518,1288758,1290336,1294327,1295426,1300490,1305445,1309401,	1282779,1285920,1288642,1288888,1290509,1294461,1295456,1300626,1305527,1309638,	P15509	ENST00000381500.6
uc004fpb.3	chrY	+	1268799	1309922	1282703	1309479	13	1268799,1274754,1282677,1285777,1288518,1288758,1290336,1294327,1295426,1300490,1303922,1305445,1309401,	1268879,1274818,1282779,1285920,1288642,1288888,1290509,1294461,1295456,1300626,1304019,1305527,1309922,	P15509	ENST00000381529.8
uc065cnb.1	chrY	+	1268831	1309922	1282703	1309868	6	1268831,1274754,1282677,1285777,1287173,1309839,	1268879,1274842,1282779,1285920,1287198,1309922,	V9GYE9	ENST00000494969.7
uc065cng.1	chrY	+	1290452	1309922	1290452	1290452	6	1290452,1294327,1295426,1300490,1302896,1309823,	1290509,1294461,1295456,1300626,1302916,1309922,		ENST00000475259.6
uc004fpc.3	chrY	+	1268844	1309934	1282703	1309589	11	1268844,1274754,1282677,1285777,1288518,1288758,1290336,1294327,1295426,1300490,1309401,	1268879,1274842,1282779,1285920,1288642,1288888,1290509,1294461,1295456,1300626,1309934,	P15509	ENST00000355432.8
uc004fpd.3	chrY	+	1268844	1309934	1282703	1305501	9	1268844,1274754,1282677,1285777,1288518,1288758,1290336,1305445,1309401,	1268879,1274842,1282779,1285920,1288642,1288888,1290509,1305527,1309934,	P15509	ENST00000355805.7
uc065cnd.1	chrY	+	1268844	1309934	1282703	1303970	12	1268844,1274754,1282677,1285777,1288518,1288758,1290336,1294327,1295426,1303922,1305445,1309401,	1268879,1274842,1282779,1285920,1288642,1288888,1290509,1294461,1295456,1304019,1305527,1309934,	F2Z3C9	ENST00000486791.6
uc065cnm.1	chrY	+	1294327	1309934	1294327	1294327	7	1294327,1295426,1300490,1303260,1303922,1305445,1309401,	1294461,1295456,1300626,1303362,1304019,1305527,1309934,		ENST00000498153.6
uc010nvv.3	chrY	+	1268799	1309935	1282703	1309479	14	1268799,1274754,1282677,1285777,1288518,1288758,1290336,1294327,1295426,1300490,1303260,1303922,1305445,1309401,	1268879,1274842,1282779,1285920,1288642,1288888,1290509,1294461,1295456,1300626,1303362,1304019,1305527,1309935,	P15509	ENST00000417535.7
uc010nvt.2	chrY	+	1268799	1309935	1282703	1309479	14	1268799,1274754,1282408,1282677,1285777,1288518,1288758,1290336,1294327,1295426,1300490,1303922,1305445,1309401,	1268879,1274818,1282560,1282779,1285920,1288642,1288888,1290509,1294461,1295456,1300626,1304019,1305527,1309935,	P15509	ENST00000432318.7
uc011naj.1	chrY	+	1268799	1309935	1288814	1309479	11	1268799,1282677,1288518,1288758,1290336,1294327,1295426,1300490,1303922,1305445,1309401,	1268879,1282779,1288642,1288888,1290509,1294461,1295456,1300626,1304019,1305527,1309935,	P15509	ENST00000501036.7
uc004fpa.3	chrY	+	1268807	1310381	1282703	1309479	13	1268807,1274754,1282677,1285777,1288518,1288758,1290336,1294327,1295426,1300490,1303922,1305445,1309401,	1268879,1274842,1282779,1285920,1288642,1288888,1290509,1294461,1295456,1300626,1304019,1305527,1310381,	P15509	ENST00000381524.8
uc065cno.1	chrY	+	1336795	1356331	1341765	1356331	5	1336795,1341727,1352099,1352321,1356220,	1336926,1341829,1352232,1352506,1356331,	J3JS34	ENST00000432757.6
uc004fpf.4	chrY	+	1336615	1382685	1341765	1382465	12	1336615,1341727,1345315,1348430,1352099,1352321,1356220,1358860,1365137,1378658,1381022,1382390,	1336926,1341829,1345434,1348545,1352232,1352506,1356336,1358887,1365252,1378764,1381104,1382685,	P26951	ENST00000331035.9
uc011nak.3	chrY	+	1336615	1382689	1341765	1382465	10	1336615,1341727,1352099,1352321,1356220,1358860,1365137,1378658,1381022,1382390,	1336926,1341829,1352232,1352506,1356336,1358887,1365252,1378764,1381104,1382689,	P26951	ENST00000381469.7
uc065cnq.1	chrY	-	1387344	1392088	1387344	1387344	4	1387344,1389240,1390191,1391898,	1387419,1389727,1390293,1392088,		ENST00000484026.6
uc065cnp.1	chrY	-	1387310	1392103	1387310	1387310	4	1387310,1389240,1390191,1391898,	1387419,1389727,1390290,1392103,		ENST00000475167.6
uc004fpg.4	chrY	-	1386151	1392724	1386601	1392009	4	1386151,1387278,1389240,1391898,	1386759,1387419,1389727,1392724,	Q6I9V5	ENST00000381401.10
uc065cnr.1	chrY	+	1396426	1398958	1396426	1396426	2	1396426,1398824,	1396648,1398958,		ENST00000434938.7
uc065cns.1	chrY	+	1397024	1399402	1397024	1397024	3	1397024,1398824,1399366,	1397224,1398958,1399402,		ENST00000430235.7
uc065cnt.1	chrY	+	1401768	1403493	1401768	1401768	2	1401768,1403376,	1402225,1403493,		ENST00000443929.6
uc065cnv.1	chrY	+	1402042	1413131	1402042	1402042	3	1402042,1403460,1412742,	1402225,1403585,1413131,		ENST00000420411.7
uc065cnu.1	chrY	+	1401810	1413915	1401810	1401810	4	1401810,1403460,1412742,1413761,	1402225,1403585,1412888,1413915,		ENST00000425740.7
uc065cnx.1	chrY	+	1403509	1414024	1403509	1403509	3	1403509,1412790,1413763,	1403585,1412888,1414024,		ENST00000602357.6
uc065cnw.1	chrY	+	1403458	1414028	1403458	1403458	3	1403458,1412742,1413748,	1403585,1412888,1414028,		ENST00000419737.7
uc065cny.1	chrY	-	1427726	1435391	1427726	1427726	3	1427726,1432268,1435021,	1428121,1432377,1435391,		ENST00000463763.6
uc065cnz.1	chrY	-	1431901	1435728	1431901	1431901	3	1431901,1435021,1435693,	1432377,1435083,1435728,		ENST00000462195.6
uc065coa.1	chrY	-	1441591	1452872	1441591	1441591	2	1441591,1452747,	1442317,1452872,		ENST00000474865.6
uc004fpk.3	chrY	-	1403140	1452873	1403268	1452840	13	1403140,1412731,1417972,1418981,1421657,1425524,1427733,1432268,1435021,1435693,1439096,1442185,1452747,	1403489,1412854,1418116,1419114,1421842,1425687,1428121,1432377,1435083,1435758,1439144,1442317,1452873,	O95671	ENST00000381317.8
uc004fpl.3	chrY	-	1403140	1452929	1403268	1452840	12	1403140,1412731,1417972,1418981,1421657,1425524,1427733,1432268,1435021,1435693,1442185,1452747,	1403489,1412854,1418116,1419114,1421842,1425687,1428121,1432377,1435083,1435758,1442317,1452929,	O95671	ENST00000381333.9
uc011nam.2	chrY	-	1403138	1453762	1403268	1442236	13	1403138,1412731,1417972,1418981,1421657,1425524,1427733,1432268,1435021,1435693,1439096,1442185,1453617,	1403489,1412854,1418116,1419114,1421842,1425687,1428121,1432377,1435083,1435758,1439144,1442317,1453762,	O95671	ENST00000534940.6
uc065cob.1	chrY	-	1466436	1494353	1466436	1466436	2	1466436,1494092,	1466582,1494353,		ENST00000460672.6
uc004fpm.3	chrY	-	1462571	1537107	1465478	1466558	2	1462571,1536920,	1466582,1537107,	Q86VZ1	ENST00000381297.9
uc010nvx.2	chrY	+	1591624	1600303	1593462	1599621	4	1591624,1593443,1595383,1599191,	1591769,1594224,1595532,1600303,	X6RAJ1	ENST00000381261.8
uc065coc.1	chrY	+	1591622	1602502	1593462	1600143	6	1591622,1593443,1595383,1599191,1600137,1600658,	1591769,1594224,1595532,1599432,1600207,1602502,	Q02040	ENST00000474361.6
uc004fpn.4	chrY	+	1591592	1602514	1593462	1601594	5	1591592,1593443,1595383,1599191,1600658,	1591769,1594224,1595532,1599432,1602514,	Q02040	ENST00000313871.8
uc065coe.1	chrY	+	1627745	1636463	1627745	1627745	2	1627745,1636241,	1628033,1636463,		ENST00000509780.6
uc065cod.1	chrY	+	1615163	1643027	1615199	1643014	8	1615163,1623138,1624268,1627702,1629820,1633149,1636437,1642802,	1615268,1623313,1624398,1627771,1629939,1633290,1636560,1643027,	X5D2A4	ENST00000381229.9
uc010nvy.4	chrY	+	1615000	1643081	1615199	1643014	9	1615000,1623138,1624268,1627702,1629820,1632703,1633149,1636437,1642802,	1615268,1623313,1624398,1627771,1629939,1632787,1633290,1636560,1643081,	P46597	ENST00000381241.8
uc004fpr.4	chrY	+	1615174	1643081	1615199	1643014	7	1615174,1623138,1624268,1627702,1629820,1636437,1642802,	1615268,1623313,1624398,1627771,1629939,1636560,1643081,	X5D784	ENST00000381233.8
uc065cof.1	chrY	+	1636397	1643081	1636397	1643014	2	1636397,1642802,	1636560,1643081,	I7HFW6	ENST00000432523.6
uc065cog.1	chrY	+	1732583	1741988	1732583	1732583	3	1732583,1733949,1741930,	1732723,1734196,1741988,		ENST00000427886.6
uc065coh.1	chrY	+	1734116	1755985	1734116	1734116	2	1734116,1755683,	1734196,1755985,		ENST00000432272.6
uc065coi.1	chrY	+	1767346	1768776	1767346	1767346	2	1767346,1768434,	1767552,1768776,		ENST00000453953.6
uc065cok.1	chrY	-	2261393	2266937	2261393	2261393	2	2261393,2266739,	2261767,2266937,		ENST00000464935.6
uc065coo.1	chrY	-	2334294	2336410	2334294	2334294	2	2334294,2336384,	2334919,2336410,		ENST00000437244.6
uc065coq.1	chrY	-	2486981	2488971	2486981	2486981	2	2486981,2488787,	2487702,2488971,		ENST00000515319.6
uc004fpu.3	chrY	-	2488185	2500555	2488634	2490719	2	2488185,2500310,	2490772,2500555,	O96006	ENST00000381218.8
uc065con.1	chrY	-	2291501	2500589	2392466	2500589	5	2291501,2392353,2408744,2425196,2500310,	2291603,2392474,2408813,2425304,2500589,	H7C5T6	ENST00000478825.6
uc065col.1	chrY	-	2266769	2500650	2266769	2425212	5	2266769,2291501,2408744,2425196,2500310,	2266947,2291603,2408813,2425304,2500650,	C9JRH1	ENST00000444280.6
uc065cor.1	chrY	-	2489904	2500895	2489904	2490719	2	2489904,2500816,	2490772,2500895,	C9JXP4	ENST00000461691.6
uc065cop.1	chrY	-	2337830	2500960	2337830	2337830	4	2337830,2408744,2425196,2500816,	2337999,2408813,2425304,2500960,		ENST00000430536.7
uc022ciu.2	chrY	-	2486413	2500967	2488634	2490719	2	2486413,2500816,	2490772,2500967,	O96006	ENST00000381223.9
uc004fpt.3	chrY	-	2486435	2500967	2488634	2490719	2	2486435,2500816,	2490769,2500967,	O96006	ENST00000381222.7
uc065coj.1	chrY	-	2243061	2500973	2243061	2500925	5	2243061,2266739,2291501,2425196,2500816,	2243230,2266947,2291603,2425304,2500973,	C9JB06	ENST00000412516.7
uc004fps.5	chrY	-	2219515	2500978	2221040	2500925	7	2219515,2243022,2266739,2291501,2408744,2425196,2500816,	2221229,2243230,2266947,2291603,2408813,2425304,2500978,	Q8N5I4	ENST00000334651.10
uc065com.1	chrY	-	2266853	2502805	2392466	2502767	6	2266853,2291501,2392353,2408744,2425196,2502760,	2266947,2291603,2392474,2408813,2425304,2502805,	H7C613	ENST00000441131.7
uc033fdf.1	chrY	+	2609190	2609254	2609190	2609190	1	2609190,	2609254,		ENST00000616698.5
uc033fdg.2	chrY	-	2612987	2615347	2612987	2612987	2	2612987,2614716,	2613696,2615347,		ENST00000445785.6
uc065cov.1	chrY	+	2691360	2692250	2691360	2691951	2	2691360,2691787,	2691427,2692250,	A6NJT9	ENST00000381180.8
uc065coz.1	chrY	+	2719067	2723364	2719067	2719067	4	2719067,2720355,2722626,2723313,	2719705,2720424,2722674,2723364,		ENST00000497752.6
uc065coy.1	chrY	+	2717373	2726363	2717373	2717373	7	2717373,2717604,2719660,2720355,2722626,2723313,2726259,	2717474,2717652,2719705,2720424,2722674,2723364,2726363,		ENST00000482293.6
uc065cox.1	chrY	+	2691499	2726373	2691499	2726373	8	2691499,2714421,2717604,2719660,2720355,2722626,2723313,2726259,	2691695,2714454,2717652,2719705,2720424,2722674,2723364,2726373,	H7C2F2	ENST00000449611.6
uc065cos.1	chrY	+	2691279	2733667	2691360	2733364	10	2691279,2714421,2717604,2719660,2720355,2722626,2723313,2726259,2727292,2733356,	2691427,2714454,2717652,2719705,2720424,2722674,2723364,2726373,2727343,2733667,	A8MQT7	ENST00000381184.6
uc065cot.1	chrY	+	2691309	2733672	2691309	2691309	9	2691309,2714421,2717604,2719660,2720355,2722626,2723313,2726259,2733356,	2691427,2714454,2717652,2719705,2720424,2722674,2723364,2726373,2733672,		ENST00000482405.7
uc065cow.1	chrY	+	2691360	2740804	2691360	2733364	11	2691360,2714421,2717604,2719660,2720355,2722626,2723313,2726259,2733356,2738202,2740778,	2691427,2714454,2717652,2719705,2720424,2722674,2723364,2726373,2733374,2738256,2740804,	P14209	ENST00000623253.4
uc010nwa.4	chrY	+	2691275	2741101	2691360	2740804	9	2691275,2714421,2719660,2720355,2722626,2723313,2726259,2738199,2740778,	2691427,2714454,2719705,2720424,2722674,2723364,2726373,2738256,2741101,	P14209	ENST00000381187.8
uc065cpa.1	chrY	+	2726340	2741125	2726340	2738033	3	2726340,2737880,2740778,	2726373,2738256,2741125,	A6NGF6	ENST00000381177.6
uc065cou.1	chrY	+	2691312	2741290	2691360	2740804	10	2691312,2714421,2717604,2719660,2720355,2722626,2723313,2726259,2738202,2740778,	2691427,2714454,2717652,2719705,2720424,2722674,2723364,2726373,2738256,2741290,	A0A096LP69	ENST00000624481.4
uc004fqa.5	chrY	+	2691186	2741300	2691360	2733364	11	2691186,2714421,2717604,2719660,2720355,2722626,2723313,2726259,2733356,2738202,2740778,	2691427,2714454,2717652,2719705,2720424,2722674,2723364,2726373,2733374,2738256,2741300,	P14209	ENST00000611428.5
uc004fpz.4	chrY	+	2691178	2741309	2691360	2740804	10	2691178,2714421,2717604,2719660,2720355,2722626,2723313,2726259,2738199,2740778,	2691427,2714454,2717652,2719705,2720424,2722674,2723364,2726373,2738256,2741309,	P14209	ENST00000381192.8
uc065cpb.1	chrY	+	2784748	2784853	2784748	2784748	1	2784748,	2784853,		ENST00000516032.1
uc004fqg.3	chrY	-	2786854	2787699	2786988	2787603	1	2786854,	2787699,	Q05066	ENST00000383070.1
uc065cpc.1	chrY	+	2841919	2866862	2841943	2866862	7	2841919,2842164,2844076,2845645,2854599,2865087,2866792,	2841973,2842242,2844257,2845743,2854771,2865245,2866862,	C9JEH7	ENST00000430575.1
uc065cpd.1	chrY	+	2854095	2866956	2854095	2854095	3	2854095,2865087,2866792,	2854771,2865245,2866956,		ENST00000477725.1
uc004fqi.4	chrY	+	2841485	2867268	2841624	2866894	7	2841485,2842164,2844076,2845645,2854599,2865087,2866792,	2841627,2842242,2844257,2845743,2854771,2865245,2867268,	P22090	ENST00000250784.12
uc065cpe.1	chrY	+	2854729	2932000	2854729	2854729	3	2854729,2928863,2931710,	2854771,2928985,2932000,		ENST00000515575.1
uc065cpf.1	chrY	-	2934405	2934771	2934405	2934405	1	2934405,	2934771,		ENST00000611750.1
uc065cpi.1	chrY	+	2935504	2961286	2953936	2961286	3	2935504,2953908,2961073,	2935769,2953997,2961286,	C9JQM1	ENST00000443793.1
uc065cph.1	chrY	+	2935499	2978053	2935499	2935499	4	2935499,2975094,2975510,2977939,	2935769,2975244,2975654,2978053,		ENST00000469869.1
uc065cpk.1	chrY	+	2977818	2979350	2977818	2977818	2	2977818,2978809,	2978080,2979350,		ENST00000478783.1
uc011nan.3	chrY	+	2935388	2980347	2953936	2979993	7	2935388,2953908,2975094,2975510,2976669,2977939,2978809,	2935446,2953997,2975244,2975654,2976822,2978080,2980347,	P08048	ENST00000625061.3
uc010nwe.4	chrY	+	2935650	2981146	2961090	2979993	6	2935650,2961073,2975094,2975510,2977939,2978809,	2935769,2961646,2975244,2975654,2978080,2981146,	P08048	ENST00000449237.4
uc004fqj.4	chrY	+	2935476	2982505	2953936	2979993	8	2935476,2953908,2961073,2975094,2975510,2976669,2977939,2978809,	2935769,2953997,2961646,2975244,2975654,2976822,2978080,2982505,	P08048	ENST00000155093.7
uc065cpg.1	chrY	+	2935280	2982506	2953936	2979993	8	2935280,2953908,2961073,2975094,2975510,2976669,2977939,2978809,	2935446,2953997,2961646,2975244,2975654,2976822,2978080,2982506,	P08048	ENST00000383052.5
uc065cpl.1	chrY	-	3001627	3002571	3001627	3001627	3	3001627,3002312,3002537,	3001923,3002401,3002571,		ENST00000431145.1
uc065cpj.1	chrY	-	2966843	3002626	2966843	2966843	3	2966843,2981837,3002312,	2966939,2981927,3002626,		ENST00000417305.1
uc065cpm.1	chrY	+	3002911	3097217	3002911	3002911	3	3002911,3079283,3096994,	3003217,3079341,3097217,		ENST00000444263.5
uc031tkv.2	chrY	+	3002997	3102272	3002997	3002997	4	3002997,3079283,3096994,3102084,	3003217,3079341,3097056,3102272,		ENST00000425031.1
uc004fqk.4	chrY	+	3579040	3580041	3579244	3579802	2	3579040,3579223,	3579127,3580041,	Q8IUE0	ENST00000321217.4
uc065cpn.1	chrY	+	3579114	3580041	3579244	3579802	1	3579114,	3580041,	Q8IUE0	ENST00000559055.2
uc065cpo.1	chrY	+	3630143	3630229	3630143	3630143	1	3630143,	3630229,		ENST00000618605.1
uc065cpp.1	chrY	+	4036496	4100320	4036496	4036496	2	4036496,4099985,	4036720,4100320,		ENST00000426699.1
uc065cpq.1	chrY	-	4174984	4175090	4174984	4174984	1	4174984,	4175090,		ENST00000517091.1
uc065cpr.1	chrY	-	4993857	4997719	4993857	4993857	2	4993857,4997506,	4994226,4997719,		ENST00000622595.1
uc065cps.1	chrY	-	4994089	4999650	4994089	4994089	3	4994089,4997506,4999388,	4994226,4997680,4999650,		ENST00000618284.1
uc033fdv.2	chrY	+	5019075	5019266	5019075	5019075	1	5019075,	5019266,		ENST00000516659.1
uc065cpt.1	chrY	+	5000389	5031947	5000389	5000389	3	5000389,5002687,5031905,	5000605,5002758,5031947,		ENST00000620615.4
uc065cpu.1	chrY	+	5000399	5057088	5032696	5057088	4	5000399,5002687,5032669,5056888,	5000605,5002758,5032728,5057088,	A0A087WUC5	ENST00000621505.1
uc004fqp.2	chrY	+	5056087	5101437	5056823	5100740	2	5056087,5098214,	5057459,5101437,	Q9BZA8	ENST00000215473.7
uc004fqn.3	chrY	+	5056089	5104700	5056823	5104361	3	5056089,5098214,5104343,	5057459,5100707,5104700,	Q9BZA8	ENST00000362095.9
uc004fql.3	chrY	+	5000225	5105444	5032696	5104361	6	5000225,5031905,5032669,5056888,5098214,5104343,	5000605,5032011,5032728,5057459,5100707,5105444,	Q9BZA8	ENST00000333703.8
uc004fqm.3	chrY	+	5000295	5105459	5032696	5104361	7	5000295,5030898,5031905,5032669,5056888,5098214,5104343,	5000605,5031067,5032011,5032728,5057459,5100707,5105459,	Q9BZA8	ENST00000622698.4
uc065cpv.1	chrY	+	5573927	5574019	5573927	5573927	1	5573927,	5574019,		ENST00000516250.2
uc004fqo.5	chrY	+	5056089	5742224	5056823	5737942	5	5056089,5098214,5501056,5581774,5737271,	5057459,5100707,5501255,5581798,5742224,	Q9BZA8	ENST00000400457.3
uc065cpw.1	chrY	+	5874245	5874338	5874245	5874245	1	5874245,	5874338,		ENST00000516070.2
uc004fqq.1	chrY	-	6242445	6243610	6242445	6242445	3	6242445,6243294,6243553,	6242754,6243440,6243610,		ENST00000451467.1
uc065cpx.1	chrY	+	6246222	6248892	6246268	6248825	7	6246222,6246616,6247355,6247561,6247774,6248026,6248802,	6246355,6246754,6247433,6247673,6247920,6248108,6248892,	C9JPU3	ENST00000429039.5
uc065cpz.1	chrY	+	6247622	6249004	6247622	6247622	3	6247622,6248026,6248802,	6247920,6248108,6249004,		ENST00000464674.1
uc004fqs.2	chrY	+	6246268	6249012	6246268	6248078	6	6246268,6247355,6247561,6247774,6248015,6248802,	6246754,6247433,6247673,6247920,6248108,6249012,	A6NGT6	ENST00000383042.1
uc004fqr.2	chrY	+	6246222	6249013	6246268	6248825	6	6246222,6247355,6247561,6247774,6248026,6248802,	6246754,6247433,6247673,6247920,6248108,6249013,	A6NKD2	ENST00000320701.8
uc065cpy.1	chrY	+	6246268	6249019	6246268	6246268	4	6246268,6247355,6247561,6248235,	6246754,6247433,6248108,6249019,		ENST00000470569.1
uc033fec.1	chrY	-	6357218	6361413	6357218	6357218	3	6357218,6358683,6361327,	6357437,6358826,6361413,		ENST00000439525.1
uc004fqt.3	chrY	+	6390430	6411564	6390430	6390430	5	6390430,6394099,6401122,6403587,6411306,	6390675,6394259,6401231,6403725,6411564,		ENST00000250776.5
uc065cqa.1	chrY	-	6406243	6424145	6406243	6406243	7	6406243,6408146,6408464,6411373,6412222,6419764,6422327,	6406923,6408344,6408543,6411530,6412371,6419851,6424145,		ENST00000450591.1
uc004fqv.3	chrY	+	6443433	6447077	6443433	6443433	2	6443433,6446972,	6443635,6447077,		ENST00000421353.1
uc004fqw.3	chrY	+	6449467	6457906	6449467	6449467	7	6449467,6450445,6452914,6453677,6456071,6457158,6457660,	6449504,6450607,6452989,6454154,6456185,6457414,6457906,		ENST00000276770.8
uc004fqx.3	chrY	+	6449467	6457906	6449467	6449467	6	6449467,6450445,6452914,6453677,6456071,6457660,	6449504,6450607,6452989,6454154,6456185,6457906,		ENST00000457100.5
uc010nwj.4	chrY	+	6453904	6457906	6453904	6453904	3	6453904,6455972,6457660,	6454154,6456185,6457906,		ENST00000449828.1
uc065cqb.1	chrY	-	6470772	6473630	6470772	6470772	3	6470772,6472812,6473494,	6470949,6473017,6473630,		ENST00000455570.5
uc004fqy.3	chrY	-	6471030	6473630	6471030	6471030	3	6471030,6472812,6473494,	6471220,6473017,6473630,		ENST00000328819.4
uc065cqc.1	chrY	-	6866072	6872608	6866072	6872608	6	6866072,6868036,6868731,6868867,6870005,6872554,	6866078,6868462,6868776,6868909,6870053,6872608,	Q99218	ENST00000383036.1
uc004fqz.3	chrY	-	6865917	6874027	6866072	6872608	6	6865917,6868036,6868731,6870005,6872554,6873971,	6866078,6868462,6868776,6870053,6872620,6874027,	Q99218	ENST00000215479.9
uc065cqd.1	chrY	+	6918681	6920791	6918681	6918681	1	6918681,	6920791,		ENST00000620503.1
uc004frd.3	chrY	+	6910685	7091683	7025084	7091492	18	6910685,6912087,6978212,7021448,7025034,7042979,7063896,7070195,7070719,7071559,7071732,7074559,7080731,7085897,7086289,7087266,7090088,7091471,	6910982,6912172,6978243,7021537,7025142,7043125,7064149,7070328,7070861,7071623,7071830,7074620,7080853,7085972,7086417,7087432,7090190,7091683,	Q9BQ87	ENST00000346432.3
uc004frc.3	chrY	+	6910685	7091683	7025084	7091492	18	6910685,6912087,6995803,7021448,7025034,7042979,7063896,7070195,7070719,7071559,7071732,7074559,7080731,7085897,7086289,7087266,7090088,7091471,	6910982,6912172,6995898,7021537,7025142,7043125,7064149,7070328,7070861,7071623,7071830,7074620,7080853,7085972,7086417,7087432,7090190,7091683,	Q9BQ87	ENST00000355162.6
uc004frb.3	chrY	+	6910685	7091683	7025084	7091492	19	6910685,6912087,6978212,6995803,7021448,7025034,7042979,7063896,7070195,7070719,7071559,7071732,7074559,7080731,7085897,7086289,7087266,7090088,7091471,	6910982,6912172,6978243,6995898,7021537,7025142,7043125,7064149,7070328,7070861,7071623,7071830,7074620,7080853,7085972,7086417,7087432,7090190,7091683,	Q9BQ87	ENST00000383032.5
uc065cqe.1	chrY	-	7324296	7324595	7324296	7324296	1	7324296,	7324595,		ENST00000516824.1
uc065cqf.1	chrY	+	7341530	7341642	7341530	7341530	1	7341530,	7341642,		ENST00000516187.1
uc065cqg.1	chrY	+	7378671	7378779	7378671	7378671	1	7378671,	7378779,		ENST00000516346.1
uc065cqh.1	chrY	-	7423053	7423158	7423053	7423053	1	7423053,	7423158,		ENST00000516663.1
uc004frf.1	chrY	-	7699356	7701247	7699356	7699356	2	7699356,7701186,	7699487,7701247,		ENST00000437686.1
uc004frh.4	chrY	+	7804923	7810683	7804923	7804923	2	7804923,7809860,	7805079,7810683,		ENST00000413466.2
uc065cqj.1	chrY	-	8565557	8627242	8565557	8627242	8	8565557,8578313,8578519,8588124,8588138,8604994,8627185,8627194,	8565649,8578412,8578607,8588136,8588145,8605031,8627189,8627242,	A0A096LPC9	ENST00000624507.1
uc065cqk.1	chrY	+	8638293	8644842	8638293	8638293	3	8638293,8644131,8644678,	8638406,8644327,8644842,		ENST00000413486.2
uc004fri.1	chrY	-	8683369	8683878	8683369	8683369	2	8683369,8683720,	8683432,8683878,		ENST00000438677.1
uc004frj.1	chrY	+	8704471	8705283	8704471	8704471	2	8704471,8705102,	8704559,8705283,		ENST00000453955.1
uc065cql.1	chrY	+	8695280	8743495	8695280	8743495	6	8695280,8698937,8698992,8722270,8739829,8743406,	8695326,8698990,8699032,8722327,8739928,8743495,	A0A096LP79	ENST00000623558.1
uc065cqm.1	chrY	+	8710884	8745985	8710884	8745985	8	8710884,8710934,8742054,8744630,8744711,8744837,8744930,8745896,	8710929,8710952,8742093,8744708,8744727,8744926,8744940,8745985,	A0A096LNN9	ENST00000624237.1
uc065cqi.1	chrY	-	8549670	8748740	8565557	8633054	7	8549670,8565535,8578519,8622851,8633004,8658651,8748715,	8549795,8565649,8578623,8622893,8633071,8658690,8748740,	A0A096LNM0	ENST00000624593.1
uc004frk.4	chrY	-	8783309	8817382	8783309	8783309	5	8783309,8783887,8788999,8794860,8817345,	8783406,8784203,8789302,8794944,8817382,		ENST00000253470.4
uc004frm.3	chrY	-	9329879	9334832	9329879	9329879	2	9329879,9334750,	9330056,9334832,		ENST00000434487.1
uc065cqp.1	chrY	+	9338887	9340269	9338887	9338887	3	9338887,9339280,9340067,	9339185,9339373,9340269,		ENST00000482082.1
uc065cqn.1	chrY	+	9337509	9340277	9337509	9339343	6	9337509,9338620,9338826,9339039,9339280,9340067,	9338013,9338698,9338938,9339185,9339373,9340277,	A6NEC3	ENST00000383008.1
uc022cja.3	chrY	+	9337463	9340278	9337509	9340090	6	9337463,9338620,9338826,9339039,9339291,9340067,	9338013,9338698,9338938,9339185,9339373,9340278,	P0CW01	ENST00000426950.6
uc065cqo.1	chrY	+	9337509	9340284	9337509	9337509	4	9337509,9338620,9338826,9339500,	9338013,9338698,9339373,9340284,		ENST00000466036.1
uc065cqs.1	chrY	+	9359202	9360584	9359202	9359202	3	9359202,9359606,9360382,	9359500,9359688,9360584,		ENST00000436159.2
uc004frq.3	chrY	+	9357842	9360592	9357842	9359658	6	9357842,9358935,9359141,9359354,9359595,9360382,	9358328,9359013,9359253,9359500,9359688,9360592,	A6NGL4	ENST00000383000.1
uc004frr.3	chrY	+	9357796	9360593	9357842	9360405	6	9357796,9358935,9359141,9359354,9359606,9360382,	9358328,9359013,9359253,9359500,9359688,9360593,	P0CW00	ENST00000287721.13
uc065cqr.1	chrY	+	9357842	9360599	9357842	9357842	4	9357842,9358935,9359141,9359815,	9358328,9359013,9359688,9360599,		ENST00000477879.1
uc065cqq.1	chrY	+	9357796	9380870	9357842	9380683	6	9357796,9358935,9359141,9379632,9379884,9380660,	9358328,9359013,9359253,9379778,9379966,9380870,	A6NDJ3	ENST00000383005.6
uc065cqu.1	chrY	+	9399826	9401208	9399826	9399826	3	9399826,9400219,9401006,	9400124,9400312,9401208,		ENST00000469322.1
uc004fru.4	chrY	+	9398466	9401216	9398466	9400282	6	9398466,9399559,9399765,9399978,9400219,9401006,	9398952,9399637,9399877,9400124,9400312,9401216,	F2Z2I4	ENST00000424594.1
uc033feo.1	chrY	+	9398420	9401217	9398466	9401029	6	9398420,9399559,9399765,9399978,9400230,9401006,	9398952,9399637,9399877,9400124,9400312,9401217,	P0CV98	ENST00000457222.6
uc065cqt.1	chrY	+	9398466	9401223	9398466	9398466	4	9398466,9399559,9399765,9400439,	9398952,9399637,9400312,9401223,		ENST00000491844.1
uc004frv.2	chrY	-	9458742	9464345	9458742	9458742	4	9458742,9462357,9464011,9464243,	9458802,9462516,9464157,9464345,		ENST00000619815.4
uc065cqv.1	chrY	-	9458612	9464357	9458612	9458612	3	9458612,9462357,9464243,	9458802,9462443,9464357,		ENST00000615605.1
uc065cqw.1	chrY	-	9463851	9465974	9463851	9463851	9	9463851,9464011,9464243,9464317,9464549,9464767,9465024,9465241,9465682,	9463893,9464157,9464316,9464353,9464614,9464813,9465056,9465274,9465974,		ENST00000423213.3
uc004frx.5	chrY	+	9466954	9469748	9467000	9468816	6	9466954,9468093,9468299,9468512,9468753,9469538,	9467486,9468171,9468411,9468658,9468846,9469748,	Q01534	ENST00000423647.6
uc004frw.5	chrY	+	9466954	9469748	9467000	9469561	6	9466954,9468093,9468299,9468512,9468764,9469538,	9467486,9468171,9468411,9468658,9468846,9469748,	Q01534	ENST00000451548.5
uc065cqx.1	chrY	+	9466954	9490081	9467000	9489893	6	9466954,9468093,9488629,9488842,9489094,9489870,	9467486,9468171,9488741,9488988,9489176,9490081,	R4GMP3	ENST00000446779.6
uc065cqy.1	chrY	+	9467000	9490081	9467000	9489893	7	9467000,9467348,9468093,9468299,9468512,9468764,9489870,	9467087,9467486,9468171,9468411,9468658,9468846,9490081,	A4FUW6	ENST00000440483.3
uc033fep.2	chrY	+	9487285	9490081	9487312	9489893	6	9487285,9488423,9488629,9488842,9489094,9489870,	9487816,9488501,9488741,9488988,9489176,9490081,	R4GNE9	ENST00000440215.3
uc065cra.1	chrY	+	9529285	9530667	9529285	9529285	3	9529285,9529689,9530465,	9529583,9529771,9530667,		ENST00000495839.1
uc004fsf.4	chrY	+	9527925	9530675	9527925	9529741	6	9527925,9529018,9529224,9529437,9529678,9530465,	9528411,9529096,9529336,9529583,9529771,9530675,	F2Z2I4	ENST00000444056.1
uc033feq.1	chrY	+	9527879	9530676	9527925	9530488	6	9527879,9529018,9529224,9529437,9529689,9530465,	9528411,9529096,9529336,9529583,9529771,9530676,		ENST00000428845.6
uc065cqz.1	chrY	+	9527925	9530682	9527925	9527925	4	9527925,9529018,9529224,9529898,	9528411,9529096,9529771,9530682,		ENST00000489397.1
uc004fsh.3	chrY	+	9691099	9693699	9691099	9691099	3	9691099,9691712,9693509,	9691235,9691917,9693699,		ENST00000329684.7
uc065crb.1	chrY	+	9691099	9693957	9691099	9691099	3	9691099,9691712,9693780,	9691235,9691917,9693957,		ENST00000426035.1
uc010nwr.4	chrY	-	9706823	9710825	9706823	9706823	3	9706823,9708544,9710575,	9707069,9708757,9710825,		ENST00000447655.5
uc004fsi.3	chrY	-	9706823	9715262	9706823	9706823	7	9706823,9707315,9708544,9710575,9711740,9714122,9715225,	9707069,9707571,9708658,9711052,9711815,9714284,9715262,		ENST00000276779.8
uc004fsj.3	chrY	-	9706823	9715262	9706823	9706823	6	9706823,9708544,9710575,9711740,9714122,9715225,	9707069,9708658,9711052,9711815,9714284,9715262,		ENST00000415405.1
uc004fsk.1	chrY	-	9717652	9721296	9717652	9717652	2	9717652,9721094,	9717757,9721296,		ENST00000430228.1
uc065crc.1	chrY	+	9740583	9758476	9740583	9740583	7	9740583,9744877,9752348,9753189,9756176,9756375,9757796,	9742401,9744964,9752497,9753346,9756255,9756573,9758476,		ENST00000417072.1
uc004fsm.3	chrY	-	9753155	9774289	9753155	9753155	5	9753155,9760994,9763488,9770460,9774044,	9753413,9761132,9763597,9770620,9774289,		ENST00000250805.5
uc004fsn.1	chrY	+	9801152	9813245	9801152	9801152	5	9801152,9804773,9809310,9810070,9813199,	9801307,9804885,9809385,9810109,9813245,		ENST00000445253.1
uc065crd.1	chrY	+	9813314	9817513	9813314	9813314	3	9813314,9815901,9817294,	9813400,9816044,9817513,		ENST00000449963.1
uc004fso.1	chrY	+	9910797	9911962	9910797	9910797	3	9910797,9910967,9911653,	9910854,9911113,9911962,		ENST00000452889.1
uc065cre.1	chrY	-	10090409	10090528	10090409	10090409	1	10090409,	10090528,		ENST00000515957.1
uc065crf.1	chrY	-	10092874	10092993	10092874	10092874	1	10092874,	10092993,		ENST00000516480.1
uc065crg.1	chrY	+	10196371	10196484	10196371	10196371	1	10196371,	10196484,		ENST00000516157.2
uc022cjg.2	chrY	+	10200154	10200306	10200154	10200154	1	10200154,	10200306,		ENST00000515896.1
uc065crh.1	chrY	-	11184682	11184764	11184682	11184682	1	11184682,	11184764,		ENST00000584011.1
uc065cri.1	chrY	-	11184874	11184957	11184874	11184874	1	11184874,	11184957,		ENST00000517046.1
uc065crj.1	chrY	+	11308273	11308351	11308273	11308273	1	11308273,	11308351,		ENST00000621531.1
uc065crk.1	chrY	+	11316277	11316360	11316277	11316277	1	11316277,	11316360,		ENST00000613791.1
uc065crl.1	chrY	+	11333687	11333771	11333687	11333687	1	11333687,	11333771,		ENST00000615816.1
uc065crm.1	chrY	+	12273472	12273764	12273472	12273472	1	12273472,	12273764,		ENST00000488394.3
uc065cro.1	chrY	+	12662536	12688255	12662536	12662536	4	12662536,12664639,12686512,12687684,	12662706,12664686,12686606,12688255,		ENST00000417071.1
uc065crn.1	chrY	+	12662333	12690441	12662333	12662333	4	12662333,12664639,12686512,12690325,	12662706,12664686,12686606,12690441,		ENST00000457658.5
uc004fss.4	chrY	+	12662333	12692233	12662333	12662333	4	12662333,12664639,12686512,12687463,	12662706,12664686,12686606,12692233,		ENST00000440408.5
uc065crp.1	chrY	+	12702039	12721203	12702039	12702039	3	12702039,12709387,12720588,	12702055,12709543,12721203,		ENST00000493168.1
uc065crq.1	chrY	+	12847044	12859612	12847044	12859416	5	12847044,12856339,12856632,12857565,12859278,	12847153,12856496,12856845,12857661,12859612,	H7C2M9	ENST00000453031.1
uc004fst.2	chrY	+	12701230	12860839	12709447	12859416	46	12701230,12708633,12709387,12720588,12722107,12725112,12726574,12735611,12735997,12736410,12738156,12739524,12757191,12758505,12760483,12771067,12773582,12775470,12776648,12778018,12778605,12779525,12786202,12786521,12790406,12791498,12793031,12810178,12810671,12811634,12812829,12816123,12818419,12833687,12837910,12839863,12841009,12842239,12843063,12846332,12846932,12847238,12856339,12856632,12857565,12859278,	12702055,12708693,12709543,12720737,12722187,12725225,12726793,12735727,12736249,12736549,12738309,12739629,12757398,12758642,12760617,12771155,12773925,12775566,12776860,12778259,12778755,12779646,12786333,12786800,12790532,12791624,12793201,12810287,12810818,12811781,12813052,12816344,12818610,12833861,12838052,12840614,12841133,12842465,12843193,12846518,12847153,12847327,12856496,12856845,12857661,12860839,	O00507	ENST00000338981.7
uc010nwu.2	chrY	+	12709435	12860839	12709435	12709435	44	12709435,12720588,12722107,12725112,12726574,12735611,12735997,12736410,12738156,12739524,12757191,12758505,12760483,12771067,12773582,12775470,12776648,12778018,12778605,12779525,12786202,12786521,12790406,12791498,12793031,12810178,12810671,12811634,12812829,12816123,12818419,12833687,12837910,12839863,12841009,12842224,12843063,12846332,12846932,12847238,12856339,12856632,12857565,12859278,	12709543,12720737,12722187,12725225,12726793,12735727,12736249,12736549,12738309,12739629,12757398,12758642,12760617,12771155,12773925,12775566,12776860,12778259,12778755,12779646,12786333,12786800,12790532,12791624,12793201,12810287,12810818,12811781,12813052,12816344,12818610,12833861,12838052,12840614,12841133,12842465,12843193,12846518,12847153,12847327,12856496,12856845,12857661,12860839,		ENST00000426564.6
uc065crr.1	chrY	+	12856812	12860839	12856812	12856812	2	12856812,12859278,	12857661,12860839,		ENST00000471409.1
uc065crt.1	chrY	+	12904848	12909696	12904848	12904848	3	12904848,12907536,12909359,	12904981,12907594,12909696,		ENST00000493363.1
uc065crv.1	chrY	+	12912639	12913801	12912639	12912639	2	12912639,12913717,	12913062,12913801,		ENST00000469101.1
uc065crs.1	chrY	+	12904117	12913853	12904936	12913853	8	12904117,12904857,12907536,12909359,12911838,12912726,12912962,12913717,	12904414,12904981,12907594,12909407,12911968,12912882,12913062,12913853,	C9J8G5	ENST00000454054.5
uc065cru.1	chrY	+	12905737	12914649	12905779	12914649	8	12905737,12907536,12909359,12911838,12912726,12912962,12913717,12914563,	12905815,12907594,12909407,12911968,12912882,12913062,12913853,12914649,	C9J081	ENST00000440554.1
uc065crw.1	chrY	+	12912962	12914899	12912962	12912962	3	12912962,12913717,12914563,	12913062,12913853,12914899,		ENST00000472510.5
uc065crx.1	chrY	+	12913007	12915227	12913007	12913007	4	12913007,12913717,12914563,12914883,	12913062,12913853,12914649,12915227,		ENST00000463199.1
uc065cry.1	chrY	+	12915495	12916353	12915495	12915495	3	12915495,12915882,12916260,	12915774,12916027,12916353,		ENST00000495478.1
uc004fsu.2	chrY	+	12904107	12918539	12904936	12918122	18	12904107,12904934,12907536,12909359,12911838,12912726,12912962,12913717,12914563,12914883,12915066,12915629,12915882,12916260,12916516,12916906,12917402,12918042,	12904414,12904981,12907594,12909407,12911968,12912882,12913062,12913853,12914649,12914982,12915227,12915774,12916027,12916442,12916634,12917060,12917542,12918539,	O15523	ENST00000360160.8
uc004fsv.3	chrY	+	12904830	12920478	12904936	12918122	17	12904830,12907536,12909359,12911838,12912726,12912962,12913717,12914563,12914883,12915066,12915629,12915882,12916260,12916516,12916906,12917402,12918042,	12904981,12907594,12909407,12911968,12912882,12913062,12913853,12914649,12914982,12915227,12915774,12916027,12916442,12916634,12917060,12917542,12920478,	O15523	ENST00000336079.7
uc065csa.1	chrY	-	13393151	13479504	13393151	13393151	7	13393151,13396917,13410992,13414734,13449016,13470120,13479253,	13393893,13396972,13411113,13414793,13449066,13470229,13479504,		ENST00000474365.1
uc065crz.1	chrY	-	13360487	13479540	13360487	13360487	10	13360487,13366266,13369255,13396917,13410992,13414734,13449016,13470120,13479253,13479513,	13360528,13366393,13369349,13396972,13411113,13414793,13449066,13470229,13479317,13479540,		ENST00000478900.5
uc022ckp.3	chrY	-	13249855	13479665	13249855	13479665	28	13249855,13260277,13297706,13298956,13302876,13305398,13306037,13306185,13323554,13324600,13326220,13335562,13355374,13355922,13357876,13359087,13359766,13360429,13366266,13369255,13393858,13396917,13410992,13414734,13449016,13470120,13479253,13479513,	13249882,13260404,13297848,13299144,13302991,13305547,13306112,13306250,13323760,13324706,13326350,13336335,13355398,13356018,13357969,13359222,13359986,13360528,13366393,13369349,13393893,13396972,13411113,13414793,13449066,13470229,13479317,13479665,	O14607	ENST00000624098.3
uc065csc.1	chrY	-	13479041	13479923	13479041	13479041	2	13479041,13479513,	13479317,13479923,		ENST00000479713.1
uc065csb.1	chrY	-	13396301	13479978	13396903	13479665	7	13396301,13410992,13414734,13449016,13470120,13479253,13479513,	13396972,13411113,13414793,13449066,13470229,13479317,13479978,	A6NCS7	ENST00000382893.2
uc022ckg.2	chrY	-	13248378	13480670	13249855	13479665	29	13248378,13251016,13260277,13297706,13298956,13302876,13305398,13306037,13306185,13323554,13324600,13326220,13335562,13355002,13355922,13357876,13359087,13359766,13360429,13366266,13369255,13393858,13396917,13410992,13414734,13449016,13470120,13479253,13479513,	13249882,13251187,13260404,13297848,13299144,13302991,13305547,13306112,13306250,13323760,13324706,13326350,13336335,13355398,13356018,13357969,13359222,13359986,13360528,13366393,13369349,13393893,13396972,13411113,13414793,13449066,13470229,13479317,13480670,	O14607	ENST00000382896.8
uc022ckq.2	chrY	-	13248378	13480670	13249855	13479665	28	13248378,13260277,13297706,13298956,13302876,13305398,13306037,13306185,13323554,13324600,13326220,13335562,13355002,13355922,13357876,13359087,13359766,13360429,13366266,13369255,13393858,13396917,13410992,13414734,13449016,13470120,13479253,13479513,	13249882,13260404,13297848,13299144,13302991,13305547,13306112,13306250,13323760,13324706,13326350,13336335,13355398,13356018,13357969,13359222,13359986,13360528,13366393,13369349,13393893,13396972,13411113,13414793,13449066,13470229,13479317,13480670,	A0A096LPD8	ENST00000537580.5
uc022ckn.2	chrY	-	13248378	13480670	13249855	13479665	29	13248378,13251016,13260277,13297706,13298956,13302876,13305398,13306037,13306185,13323554,13324600,13326220,13335562,13354785,13355002,13355922,13357876,13359766,13360429,13366266,13369255,13393858,13396917,13410992,13414734,13449016,13470120,13479253,13479513,	13249882,13251187,13260404,13297848,13299144,13302991,13305547,13306112,13306250,13323760,13324706,13326350,13336335,13354833,13355398,13356018,13357969,13359986,13360528,13366393,13369349,13393893,13396972,13411113,13414793,13449066,13470229,13479317,13480670,	F5H3N7	ENST00000538878.5
uc022cjw.2	chrY	-	13248378	13480670	13249855	13479665	29	13248378,13251016,13260277,13297706,13298956,13302876,13305398,13306037,13306185,13323554,13324600,13326220,13335562,13355002,13355922,13357876,13358463,13359087,13359766,13366266,13369255,13393858,13396917,13410992,13414734,13449016,13470120,13479253,13479513,	13249882,13251187,13260404,13297848,13299144,13302991,13305547,13306112,13306250,13323760,13324706,13326350,13336335,13355398,13356018,13357969,13358553,13359222,13359986,13366393,13369349,13393893,13396972,13411113,13414793,13449066,13470229,13479317,13480670,	F5GWV3	ENST00000540140.5
uc022ckf.2	chrY	-	13248378	13480670	13249855	13479665	30	13248378,13251016,13260277,13297706,13298956,13302876,13305398,13306037,13306185,13323554,13324600,13326220,13335562,13355002,13355922,13357876,13358463,13359087,13359766,13360429,13366266,13369255,13393858,13396917,13410992,13414734,13449016,13470120,13479253,13479513,	13249882,13251187,13260404,13297848,13299144,13302991,13305547,13306112,13306250,13323760,13324706,13326350,13336335,13355398,13356018,13357969,13358619,13359222,13359986,13360528,13366393,13369349,13393893,13396972,13411113,13414793,13449066,13470229,13479317,13480670,	F5H8B4	ENST00000545955.5
uc022cjm.2	chrY	-	13248378	13480670	13249855	13479665	28	13248378,13251016,13260277,13297706,13298956,13302876,13305398,13306185,13323554,13324600,13326220,13335562,13355002,13355922,13357876,13359087,13359766,13360429,13366266,13369255,13393858,13396917,13410992,13414734,13449016,13470120,13479253,13479513,	13249882,13251187,13260404,13297848,13299144,13302991,13305547,13306250,13323760,13324706,13326350,13336335,13355398,13356018,13357969,13359222,13359986,13360528,13366393,13369349,13393893,13396972,13411113,13414793,13449066,13470229,13479317,13480670,	A0A087X2I9	ENST00000612274.4
uc022ckj.2	chrY	-	13248378	13480670	13249855	13479665	29	13248378,13251016,13260277,13297706,13298956,13302876,13305398,13306037,13306185,13323554,13324600,13326220,13335562,13355002,13355922,13357876,13358463,13359766,13360429,13366266,13369255,13393858,13396917,13410992,13414734,13449016,13470120,13479253,13479513,	13249882,13251187,13260404,13297848,13299144,13302991,13305547,13306112,13306250,13323760,13324706,13326350,13336335,13355398,13356018,13357969,13358619,13359986,13360528,13366393,13369349,13393893,13396972,13411113,13414793,13449066,13470229,13479317,13480670,	A0A087X0Y2	ENST00000617789.4
uc022cjv.2	chrY	-	13248378	13480670	13249855	13479665	24	13248378,13251016,13260277,13297706,13298956,13302876,13305398,13306037,13306185,13323554,13324600,13326220,13335562,13355002,13355922,13357876,13359766,13360429,13366266,13369255,13410992,13414734,13479253,13479513,	13249882,13251187,13260404,13297848,13299144,13302991,13305547,13306112,13306250,13323760,13324706,13326350,13336335,13355398,13356018,13357969,13359986,13360528,13366393,13369349,13411113,13414793,13479317,13480670,	A0A087X248	ENST00000618474.4
uc004fsy.4	chrY	-	13297440	13480670	13297702	13479665	25	13297440,13298956,13302876,13305398,13306037,13306185,13323554,13324600,13326220,13335562,13355002,13355922,13357876,13359766,13360429,13366266,13369255,13393858,13396917,13410992,13414734,13449016,13470120,13479253,13479513,	13297848,13299144,13302991,13305547,13306112,13306250,13323760,13324706,13326350,13336335,13355398,13356018,13357969,13359986,13360528,13366393,13369349,13393893,13396972,13411113,13414793,13449066,13470229,13479317,13480670,	O14607	ENST00000362096.8
uc004fsz.3	chrY	-	13323033	13480670	13323113	13479665	20	13323033,13323554,13324600,13326220,13335562,13355002,13355922,13357876,13359766,13360429,13366266,13369255,13393858,13396917,13410992,13414734,13449016,13470120,13479253,13479513,	13323368,13323760,13324706,13326350,13336335,13355398,13356018,13357969,13359986,13360528,13366393,13369349,13393893,13396972,13411113,13414793,13449066,13470229,13479317,13480670,	O14607	ENST00000329134.9
uc004fsx.3	chrY	-	13248378	13480673	13249855	13479665	28	13248378,13251016,13260277,13297706,13298956,13302876,13305398,13306037,13306185,13323554,13324600,13326220,13335562,13355002,13355922,13357876,13359766,13360429,13366266,13369255,13393858,13396917,13410992,13414734,13449016,13470120,13479253,13479513,	13249882,13251187,13260404,13297848,13299144,13302991,13305547,13306112,13306250,13323760,13324706,13326350,13336335,13355398,13356018,13357969,13359986,13360528,13366393,13369349,13393893,13396972,13411113,13414793,13449066,13470229,13479317,13480673,	O14607	ENST00000331397.8
uc065csd.1	chrY	-	13667959	13668056	13667959	13667959	1	13667959,	13668056,		ENST00000516885.1
uc004ftb.4	chrY	+	13703566	13706024	13704335	13705259	2	13703566,13705224,	13704435,13706024,	O14604	ENST00000284856.3
uc004ftc.4	chrY	-	13985771	13986513	13985870	13986440	2	13985771,13986338,	13986146,13986513,	O14598	ENST00000250825.4
uc004ftd.4	chrY	+	14056216	14056958	14056289	14056859	2	14056216,14056583,	14056391,14056958,	O14598	ENST00000250823.4
uc065cse.1	chrY	-	14252184	14252291	14252184	14252184	1	14252184,	14252291,		ENST00000578366.1
uc065csf.1	chrY	-	14276211	14277489	14276211	14276211	2	14276211,14277349,	14276611,14277489,		ENST00000435111.1
uc065csj.1	chrY	+	14524528	14622368	14524528	14524528	2	14524528,14622008,	14524708,14622368,		ENST00000481089.1
uc065csg.1	chrY	+	14522637	14622497	14522637	14522637	2	14522637,14622008,	14522941,14622497,		ENST00000471252.1
uc004fti.4	chrY	+	14622020	14733549	14622119	14733537	4	14622020,14719458,14723116,14733451,	14622591,14719518,14723269,14733549,	Q8NFZ3	ENST00000297967.9
uc065csk.1	chrY	+	14622180	14733549	14622180	14733537	4	14622180,14719458,14723116,14733451,	14622591,14719518,14723269,14733549,	H0Y7G6	ENST00000413217.1
uc031tkz.1	chrY	-	14793641	14804033	14793641	14793641	4	14793641,14798621,14801275,14804004,	14793987,14798709,14801344,14804033,		ENST00000434164.1
uc004fth.3	chrY	+	14524573	14843647	14622119	14841262	6	14524573,14622008,14723116,14824187,14829729,14840412,	14524936,14622591,14723269,14824373,14830519,14843647,	Q8NFZ3	ENST00000339174.9
uc004ftg.3	chrY	+	14523745	14843726	14622119	14841262	6	14523745,14622020,14723116,14824187,14829729,14840412,	14523898,14622591,14723269,14824373,14830519,14843726,	Q8NFZ3	ENST00000355905.6
uc065csh.1	chrY	+	14523745	14843726	14622119	14841262	8	14523745,14622020,14719458,14723116,14748618,14824187,14829729,14840412,	14523898,14622591,14719518,14723269,14748729,14824373,14830519,14843726,	A6NMU8	ENST00000382868.5
uc065csi.1	chrY	+	14523745	14843726	14523745	14523745	9	14523745,14622020,14719458,14723116,14748618,14751680,14824187,14829729,14840412,	14523898,14622591,14719518,14723269,14748729,14751802,14824373,14830519,14843726,		ENST00000476359.1
uc004fte.3	chrY	+	14522751	14845650	14723148	14841262	6	14522751,14719458,14723116,14824187,14829729,14840412,	14522941,14719518,14723269,14824373,14830519,14845650,	Q8NFZ3	ENST00000382872.5
uc065csl.1	chrY	+	15935948	15936020	15935948	15935948	1	15935948,	15936020,		ENST00000631215.1
uc065csm.1	chrY	+	16062765	16062829	16062765	16062765	1	16062765,	16062829,		ENST00000516855.1
uc065csn.1	chrY	-	16138247	16138379	16138247	16138247	1	16138247,	16138379,		ENST00000516880.1
uc065cso.1	chrY	+	16248934	16249041	16248934	16248934	1	16248934,	16249041,		ENST00000516364.1
uc065csp.1	chrY	-	16336282	16336389	16336282	16336282	1	16336282,	16336389,		ENST00000516514.1
uc065csq.1	chrY	+	17500957	17515018	17500957	17500957	7	17500957,17501710,17513097,17513473,17514160,17514440,17514808,	17501115,17501760,17513226,17513567,17514331,17514534,17515018,		ENST00000421205.2
uc065css.1	chrY	+	17557863	17557976	17557863	17557863	1	17557863,	17557976,		ENST00000516506.1
uc065cst.1	chrY	+	17559773	17559889	17559773	17559773	1	17559773,	17559889,		ENST00000516203.1
uc065csu.1	chrY	-	17568961	17569051	17568961	17568961	1	17568961,	17569051,		ENST00000615048.1
uc065csr.1	chrY	-	17552799	17579754	17552799	17552799	5	17552799,17554041,17555775,17576702,17579315,	17553954,17554126,17556010,17576820,17579754,		ENST00000458667.1
uc065csv.1	chrY	-	17623060	17623155	17623060	17623060	1	17623060,	17623155,		ENST00000516229.1
uc065csw.1	chrY	-	17789002	17789162	17789002	17789002	1	17789002,	17789162,		ENST00000516704.1
uc065csx.1	chrY	-	17877409	17880218	17877784	17879892	3	17877409,17877834,17878297,	17877829,17877862,17880218,	C9JMH9	ENST00000544303.1
uc004ftl.2	chrY	-	17878266	17880220	17878266	17879892	1	17878266,	17880220,	Q9Y6F7	ENST00000382867.3
uc004ftm.2	chrY	+	18025786	18027740	18026114	18027740	1	18025786,	18027740,	Q9Y6F7	ENST00000250838.5
uc065csy.1	chrY	+	18025788	18028597	18026114	18028222	3	18025788,18028144,18028177,	18027709,18028172,18028597,	C9JMH9	ENST00000426790.1
uc065csz.1	chrY	+	18116847	18117007	18116847	18116847	1	18116847,	18117007,		ENST00000516357.1
uc065cta.1	chrY	+	18282852	18282947	18282852	18282852	1	18282852,	18282947,		ENST00000516630.1
uc065ctc.1	chrY	+	18336959	18337049	18336959	18336959	1	18336959,	18337049,		ENST00000614353.1
uc065ctd.1	chrY	-	18346122	18346238	18346122	18346122	1	18346122,	18346238,		ENST00000516144.1
uc065cte.1	chrY	-	18348034	18348147	18348034	18348034	1	18348034,	18348147,		ENST00000516858.1
uc065ctb.1	chrY	+	18326252	18353210	18326252	18326252	5	18326252,18329190,18349999,18351883,18352055,	18326690,18329308,18350234,18351968,18353210,		ENST00000419557.1
uc065ctf.1	chrY	-	18390993	18405046	18390993	18390993	7	18390993,18391477,18391680,18392444,18392785,18404243,18404888,	18391203,18391571,18391851,18392538,18392914,18404293,18405046,		ENST00000458627.2
uc065ctg.1	chrY	+	18486510	18486672	18486510	18486510	1	18486510,	18486672,		ENST00000516400.1
uc065cth.1	chrY	+	18491739	18547698	18491739	18491739	5	18491739,18500619,18529639,18530487,18547032,	18491817,18501051,18529837,18530596,18547698,		ENST00000510613.1
uc004ftp.3	chrY	+	18546670	18548592	18546787	18548471	2	18546670,18547778,	18547300,18548592,	Q96LI6	ENST00000307393.2
uc065ctj.1	chrY	+	18546719	18551465	18546787	18550804	3	18546719,18550113,18550782,	18547300,18550223,18551465,	Q96LI6	ENST00000382856.2
uc065ctk.1	chrY	-	18581205	18588712	18581205	18581205	4	18581205,18587411,18588130,18588605,	18582348,18587548,18588244,18588712,		ENST00000545582.2
uc004ftr.4	chrY	+	18546690	18588963	18546787	18588634	2	18546690,18588535,	18547300,18588963,	Q96LI6	ENST00000309834.8
uc065cti.1	chrY	+	18546690	18588963	18546787	18550804	6	18546690,18550113,18550782,18551916,18582672,18588535,	18547300,18550223,18550869,18552071,18582758,18588963,	Q96LI6	ENST00000338876.8
uc004fts.1	chrY	-	18581205	18590521	18581205	18581205	5	18581205,18587411,18588130,18588605,18590379,	18582348,18587548,18588244,18588706,18590521,		ENST00000433794.5
uc065ctl.1	chrY	-	18768920	18773686	18769597	18773618	3	18768920,18770182,18773105,	18769619,18770292,18773686,	Q96LI6	ENST00000382852.1
uc004ftv.4	chrY	-	18731439	18773715	18731768	18773618	2	18731439,18773105,	18731867,18773715,	Q96LI6	ENST00000344884.4
uc004ftu.4	chrY	-	18731439	18773715	18731439	18731439	6	18731439,18737644,18768330,18769532,18770182,18773105,	18731867,18737730,18768485,18769619,18770292,18773715,		ENST00000491902.1
uc004ftw.3	chrY	-	18771813	18773735	18771934	18773618	2	18771813,18773105,	18772627,18773735,	Q96LI6	ENST00000304790.3
uc022coe.2	chrY	-	18772707	18828662	18772707	18772707	5	18772707,18789810,18790569,18819354,18828584,	18773373,18789919,18790767,18819786,18828662,		ENST00000505047.1
uc065ctm.1	chrY	-	18833728	18833890	18833728	18833728	1	18833728,	18833890,		ENST00000516161.1
uc004ftx.3	chrY	-	18872500	18878228	18872500	18872500	2	18872500,18877067,	18872834,18878228,		ENST00000324446.3
uc065ctp.1	chrY	-	19018982	19019087	19018982	19018982	1	19018982,	19019087,		ENST00000516957.1
uc065cto.1	chrY	-	18932316	19075996	18932316	18932316	5	18932316,19044541,19045241,19068723,19075940,	18932841,19044695,19045291,19068798,19075996,		ENST00000452584.5
uc065ctn.1	chrY	-	18872502	19077118	18872502	18872502	3	18872502,18877067,19077044,	18872834,18877205,19077118,		ENST00000454875.1
uc065ctq.1	chrY	-	19041497	19077395	19041497	19041497	7	19041497,19043162,19044661,19045241,19048772,19068723,19077044,	19041586,19043346,19044695,19045288,19048912,19068798,19077395,		ENST00000447937.1
uc004fty.3	chrY	-	18932698	19077416	18932698	18932698	2	18932698,19077044,	18932841,19077416,		ENST00000331787.2
uc065ctr.1	chrY	-	19076945	19077416	19076945	19076945	1	19076945,	19077416,		ENST00000610801.1
uc065cts.1	chrY	-	19576008	19576182	19576008	19576182	2	19576008,19576158,	19576083,19576182,	A0A096LNM6	ENST00000623231.1
uc065ctt.1	chrY	-	19691940	19694606	19691940	19691940	1	19691940,	19694606,		ENST00000566193.1
uc065ctx.1	chrY	-	19707181	19708949	19707181	19708949	4	19707181,19707933,19708321,19708874,	19707746,19708071,19708423,19708949,	H7BZF9	ENST00000415360.1
uc065cty.1	chrY	-	19709699	19710606	19709699	19709699	2	19709699,19710375,	19710260,19710606,		ENST00000485154.1
uc065ctz.1	chrY	-	19715135	19716348	19715135	19715135	3	19715135,19715822,19716278,	19715739,19716004,19716348,		ENST00000478891.1
uc065ctu.1	chrY	-	19703864	19716695	19703864	19703864	12	19703864,19706440,19707146,19707933,19708243,19708874,19709450,19710375,19715583,19715822,19716278,19716595,	19706345,19706863,19707746,19708071,19708423,19709013,19710260,19710472,19715739,19716004,19716473,19716695,		ENST00000469599.6
uc065ctv.1	chrY	-	19705424	19722467	19705424	19705424	15	19705424,19706440,19707146,19707933,19708243,19708874,19709450,19710375,19715351,19715614,19715822,19716278,19716595,19720871,19721129,	19706345,19706863,19707746,19708071,19708423,19709013,19709809,19710472,19715499,19715739,19716111,19716473,19716715,19721034,19722467,		ENST00000492117.1
uc065cua.1	chrY	-	19721271	19744711	19721271	19744534	11	19721271,19731771,19732045,19732583,19735351,19735620,19741317,19741734,19743161,19744384,19744670,	19721311,19731930,19732165,19732742,19735497,19735750,19741488,19741857,19743239,19744553,19744711,	C9JGA3	ENST00000447300.1
uc010nwy.4	chrY	-	19705419	19744761	19705994	19744534	26	19705419,19706440,19706793,19707146,19707933,19708243,19708874,19709450,19710375,19715351,19715614,19715822,19716278,19716595,19720871,19721129,19731771,19732045,19732583,19735351,19735620,19739527,19741734,19743161,19744384,19744670,	19706345,19706640,19706863,19707746,19708071,19708423,19709013,19709809,19710472,19715499,19715739,19716004,19716473,19716715,19721034,19721311,19731930,19732165,19732742,19735497,19735750,19739662,19741857,19743239,19744553,19744761,	Q9BY66	ENST00000382806.6
uc004fug.4	chrY	-	19705414	19744923	19705994	19744534	27	19705414,19706440,19706793,19707146,19707933,19708243,19708874,19709450,19710375,19715351,19715614,19715822,19716278,19716595,19720871,19721129,19731771,19732045,19732583,19735351,19735620,19739527,19741317,19741734,19743161,19744384,19744670,	19706345,19706640,19706863,19707746,19708071,19708423,19709013,19709809,19710472,19715499,19715739,19716004,19716473,19716715,19721034,19721311,19731930,19732165,19732742,19735497,19735750,19739662,19741488,19741857,19743239,19744553,19744923,	Q9BY66	ENST00000317961.8
uc065ctw.1	chrY	-	19706062	19744923	19706062	19744534	26	19706062,19706440,19706793,19707146,19707933,19708243,19708874,19709450,19710375,19715351,19715614,19715822,19716278,19716595,19720871,19721129,19731771,19732045,19732583,19735351,19735620,19739527,19741317,19743161,19744384,19744670,	19706345,19706640,19706863,19707746,19708071,19708423,19709013,19709809,19710472,19715499,19715739,19716004,19716473,19716715,19721034,19721311,19731930,19732165,19732742,19735497,19735750,19739662,19741488,19743239,19744553,19744923,	E9PFH2	ENST00000440077.5
uc011naz.3	chrY	-	19705416	19744939	19705994	19744534	28	19705416,19706440,19706793,19707146,19707933,19708243,19708874,19709450,19710375,19715351,19715614,19715822,19716278,19716595,19720871,19721129,19723340,19731771,19732045,19732583,19735351,19735620,19739527,19741317,19741734,19743161,19744384,19744670,	19706345,19706640,19706863,19707746,19708071,19708423,19709013,19709809,19710472,19715499,19715739,19716004,19716473,19716715,19721034,19721311,19723433,19731930,19732165,19732742,19735497,19735750,19739662,19741488,19741857,19743239,19744553,19744939,	Q9BY66	ENST00000541639.5
uc065cub.1	chrY	-	20507253	20518407	20507253	20507253	2	20507253,20518270,	20507456,20518407,		ENST00000439472.1
uc004fuj.1	chrY	-	20465667	20519228	20465667	20465667	6	20465667,20466427,20468188,20469871,20507351,20518270,	20465822,20466667,20468248,20469981,20507456,20519228,		ENST00000455084.1
uc065cuc.1	chrY	+	20575777	20588529	20575777	20575777	5	20575777,20579607,20582589,20584473,20588023,	20575887,20579691,20582693,20584524,20588529,		ENST00000465253.1
uc004ful.5	chrY	+	20575793	20592630	20575871	20592346	6	20575793,20579607,20582589,20588023,20589483,20592340,	20575887,20579691,20582693,20588105,20589575,20592630,	A6NJH9	ENST00000382772.3
uc065cud.1	chrY	+	20586717	20592630	20586717	20586717	2	20586717,20592340,	20589575,20592630,		ENST00000464196.5
uc065cue.1	chrY	+	20587846	20592630	20587846	20587846	3	20587846,20589483,20592340,	20588105,20589575,20592630,		ENST00000485584.1
uc004fuk.5	chrY	+	20575724	20593154	20575871	20592346	7	20575724,20579607,20582589,20584473,20588023,20589483,20592340,	20575887,20579691,20582693,20584524,20588105,20589575,20593154,	O14602	ENST00000361365.6
uc011nbb.3	chrY	+	20756163	20781032	20756163	20781032	7	20756163,20756777,20759867,20761283,20768804,20779508,20780930,	20756166,20756855,20760048,20761381,20768976,20779666,20781032,	Q8TD47	ENST00000629237.1
uc065cuf.1	chrY	-	21038288	21044724	21038288	21038288	3	21038288,21042268,21044598,	21039044,21042369,21044724,		ENST00000527562.1
uc065cug.1	chrY	-	21370917	21371003	21370917	21370917	1	21370917,	21371003,		ENST00000401283.2
uc033fgu.2	chrY	-	21382953	21386360	21383185	21386263	4	21382953,21383431,21383912,21386231,	21383280,21383796,21383969,21386360,	Q9H606	ENST00000382764.1
uc004fuo.4	chrY	+	21511337	21525786	21513350	21525508	12	21511337,21513346,21513933,21517056,21519149,21521312,21522382,21522934,21523479,21524511,21524709,21525209,	21511485,21513459,21514037,21517234,21519302,21521427,21522493,21523045,21523590,21524622,21524798,21525786,	A6NDE4	ENST00000383020.7
uc065cuh.1	chrY	+	21511362	21525786	21513350	21519182	11	21511362,21513346,21513933,21519149,21521312,21522382,21522934,21523479,21524511,21524709,21525209,	21511485,21513459,21514037,21519302,21521427,21522493,21523045,21523590,21524622,21524798,21525786,	F2Z2U1	ENST00000382639.7
uc065cuj.1	chrY	+	21511424	21549094	21513350	21549048	11	21511424,21513346,21513933,21540597,21542690,21544853,21545923,21546475,21547020,21548249,21548749,	21511485,21513459,21514037,21540775,21542843,21544968,21546034,21546586,21547131,21548338,21549094,	P0DJD3	ENST00000303902.9
uc065cuk.1	chrY	+	21511424	21549094	21513350	21549048	11	21511424,21513346,21513933,21517056,21519149,21521312,21522382,21522934,21523479,21524709,21548749,	21511485,21513459,21514037,21517234,21519302,21521427,21522493,21523045,21523590,21524798,21549094,		ENST00000619219.1
uc065cui.1	chrY	+	21511371	21549318	21513350	21549048	12	21511371,21513346,21513933,21540597,21542690,21544853,21545923,21546475,21547020,21548052,21548249,21548749,	21511485,21513459,21514037,21540775,21542843,21544968,21546034,21546586,21547131,21548163,21548338,21549318,	P0DJD3	ENST00000439108.6
uc004fuq.4	chrY	+	21534878	21549326	21536891	21549048	12	21534878,21536887,21537474,21540597,21542690,21544853,21545923,21546475,21547020,21548052,21548249,21548749,	21535026,21537000,21537578,21540775,21542843,21544968,21546034,21546586,21547131,21548163,21548338,21549326,	P0DJD3	ENST00000382707.6
uc065cul.1	chrY	+	21534903	21549326	21536891	21542723	11	21534903,21536887,21537474,21542690,21544853,21545923,21546475,21547020,21548052,21548249,21548749,	21535026,21537000,21537578,21542843,21544968,21546034,21546586,21547131,21548163,21548338,21549326,	F2Z2U1	ENST00000361046.4
uc004fus.3	chrY	-	21583599	21594666	21583599	21583599	6	21583599,21584782,21587500,21589271,21589965,21594585,	21583662,21584874,21587662,21589370,21590127,21594666,		ENST00000330337.2
uc010nxb.3	chrY	-	21880307	21894439	21880353	21892513	11	21880307,21881063,21882271,21882816,21883368,21884434,21886559,21888627,21891824,21892404,21894378,	21880652,21881152,21882382,21882927,21883479,21884549,21886712,21888805,21891928,21892517,21894439,	P0C7P1	ENST00000418956.2
uc065cum.1	chrY	-	21880075	21894501	21886679	21892513	11	21880075,21881063,21881239,21882271,21882816,21883368,21884434,21886559,21891824,21892404,21894378,	21880652,21881152,21881350,21882382,21882927,21883479,21884549,21886712,21891928,21892517,21894501,	F2Z2U1	ENST00000382653.6
uc004fuu.3	chrY	-	21880075	21894526	21880353	21892513	12	21880075,21881063,21881239,21882271,21882816,21883368,21884434,21886559,21888627,21891824,21892404,21894378,	21880652,21881152,21881350,21882382,21882927,21883479,21884549,21886712,21888805,21891928,21892517,21894526,	P0C7P1	ENST00000382680.5
uc065cun.1	chrY	-	21880075	21918027	21880353	21916054	12	21880075,21904605,21904780,21905812,21906357,21906909,21907975,21910100,21912168,21915365,21915945,21917919,	21880652,21904694,21904891,21905923,21906468,21907020,21908090,21910253,21912346,21915469,21916058,21918027,		ENST00000382673.6
uc010nxd.4	chrY	-	21903619	21918032	21903895	21916054	11	21903619,21904605,21905812,21906357,21906909,21907975,21910100,21912168,21915365,21915945,21917919,	21904194,21904694,21905923,21906468,21907020,21908090,21910253,21912346,21915469,21916058,21918032,	J3KPK3	ENST00000382658.5
uc065cuo.1	chrY	-	21903617	21918042	21910220	21916054	11	21903617,21904605,21904780,21905812,21906357,21906909,21907975,21910100,21915365,21915945,21917919,	21904194,21904694,21904891,21905923,21906468,21907020,21908090,21910253,21915469,21916058,21918042,	F2Z2U1	ENST00000358944.8
uc004fuw.4	chrY	-	21903617	21918067	21903895	21916054	12	21903617,21904605,21904780,21905812,21906357,21906909,21907975,21910100,21912168,21915365,21915945,21917919,	21904194,21904694,21904891,21905923,21906468,21907020,21908090,21910253,21912346,21915469,21916058,21918067,	A6NEQ0	ENST00000382659.6
uc004fuy.1	chrY	-	22071755	22096007	22072322	22084839	5	22071755,22082079,22084770,22095731,22095919,	22072581,22082195,22084891,22095818,22096007,	O14603	ENST00000303804.5
uc010nxe.2	chrY	-	22071755	22096007	22073727	22084839	6	22071755,22073643,22082079,22084770,22095731,22095919,	22072581,22073758,22082195,22084891,22095818,22096007,	O14603	ENST00000472391.1
uc065cup.1	chrY	-	22100813	22105869	22100813	22100813	4	22100813,22102104,22102884,22105749,	22101055,22102369,22103002,22105869,		ENST00000417910.5
uc022cog.2	chrY	+	22144965	22146831	22144965	22144965	3	22144965,22145297,22146592,	22145079,22145435,22146831,		ENST00000253848.3
uc033fgy.1	chrY	-	22101691	22147484	22101691	22101691	13	22101691,22102884,22103546,22103863,22105749,22107551,22121283,22122067,22129364,22129758,22139949,22146639,22147283,	22102369,22103002,22103743,22103949,22106085,22107641,22121637,22122186,22129450,22129981,22140090,22146949,22147484,		ENST00000419158.1
uc004fva.4	chrY	-	22168541	22182948	22168819	22180969	12	22168541,22169529,22169704,22170738,22171283,22171834,22172900,22175025,22177093,22180290,22180860,22182834,	22169118,22169618,22169815,22170849,22171394,22171945,22173015,22175178,22177271,22180394,22180973,22182948,	Q15415	ENST00000303766.11
uc065cuq.1	chrY	-	22168541	22182957	22168541	22168541	11	22168541,22169529,22169704,22170738,22171283,22171834,22172900,22175025,22180290,22180860,22182834,	22169118,22169618,22169815,22170849,22171394,22171945,22173015,22175178,22180394,22180973,22182957,		ENST00000481858.1
uc065cur.1	chrY	-	22168541	22182982	22168819	22180969	11	22168541,22169529,22170738,22171283,22171834,22172900,22175025,22177093,22180290,22180860,22182834,	22169118,22169618,22170849,22171394,22171945,22173015,22175178,22177271,22180394,22180973,22182982,	J3KQ82	ENST00000454978.2
uc004fvb.3	chrY	-	22296797	22298876	22296797	22296797	2	22296797,22298305,	22297788,22298876,		ENST00000400581.2
uc004fvd.4	chrY	+	22308822	22417881	22405447	22417603	12	22308822,22405443,22406024,22409151,22411244,22413407,22414477,22415028,22415573,22416607,22416804,22417304,	22308970,22405556,22406128,22409329,22411397,22413522,22414588,22415139,22415684,22416718,22416893,22417881,	Q15415	ENST00000414629.6
uc011nbh.3	chrY	+	22308822	22417881	22405447	22417603	11	22308822,22405443,22406024,22409151,22411244,22413407,22414477,22415028,22415573,22416804,22417304,	22308970,22405556,22406128,22409329,22411397,22413522,22414588,22415139,22415684,22416893,22417881,	J3KQ82	ENST00000445779.6
uc065cus.1	chrY	+	22403460	22417881	22403460	22403460	11	22403460,22405443,22406024,22411244,22413407,22414477,22415028,22415573,22416607,22416804,22417304,	22403582,22405556,22406128,22411397,22413522,22414588,22415139,22415684,22416718,22416893,22417881,		ENST00000470460.1
uc004fve.4	chrY	+	22403469	22417881	22405447	22417603	12	22403469,22405443,22406024,22409151,22411244,22413407,22414477,22415028,22415573,22416607,22416804,22417304,	22403582,22405556,22406128,22409329,22411397,22413522,22414588,22415139,22415684,22416718,22416893,22417881,	Q15415	ENST00000250831.5
uc022coj.2	chrY	-	22439592	22441458	22439592	22439592	3	22439592,22440988,22441344,	22439831,22441126,22441458,		ENST00000253838.3
uc033fhb.1	chrY	+	22438939	22484714	22438939	22438939	13	22438939,22439474,22446331,22456434,22456965,22464229,22464778,22478764,22480320,22482456,22482662,22483403,22484036,	22439140,22439784,22446472,22456657,22457051,22464348,22465132,22478854,22480656,22482542,22482859,22483521,22484714,		ENST00000446299.5
uc065cut.1	chrY	+	22480536	22485592	22480536	22480536	4	22480536,22483403,22484036,22485350,	22480656,22483521,22484301,22485592,		ENST00000439653.1
uc004fvh.1	chrY	+	22490396	22514637	22501564	22514070	5	22490396,22490585,22501512,22504208,22513811,	22490484,22490672,22501633,22504324,22514637,	O14603	ENST00000303728.5
uc010nxj.2	chrY	+	22490396	22514637	22501564	22512668	6	22490396,22490585,22501512,22504208,22512637,22513811,	22490484,22490672,22501633,22504324,22512752,22514637,	O14603	ENST00000477123.1
uc004fvi.3	chrY	+	22851583	22852715	22851583	22851583	2	22851583,22852609,	22851643,22852715,		ENST00000416110.1
uc011nbi.2	chrY	+	22936454	22973284	22936454	22936454	4	22936454,22963627,22965507,22972283,	22936615,22963703,22965615,22973284,		ENST00000436568.1
uc065cuu.1	chrY	+	22973818	22992376	22992343	22992376	5	22973818,22984147,22984568,22987756,22992302,	22973974,22984216,22984691,22987893,22992376,	R4GMN0	ENST00000602732.5
uc065cux.1	chrY	+	22992343	22998268	22992343	22998268	4	22992343,22994480,22997451,22998249,	22992421,22994598,22997557,22998268,	O14599	ENST00000382585.2
uc284rcj.1	chrY	+	22984286	23005406	22984286	22984286	8	22984286,22984568,22987756,22992302,22997451,22998249,23004924,23005143,	22984293,22984691,22987893,22992421,22997557,22998374,23005054,23005406,		ENST00000602818.2
uc284rci.1	chrY	+	22984262	23005465	22992343	22998268	9	22984262,22984568,22987756,22992302,22994480,22997451,22998249,23004924,23005143,	22984293,22984691,22987893,22992421,22994598,22997557,22998374,23005049,23005465,	O14599	ENST00000331070.8
uc065cuy.1	chrY	-	23129362	23140812	23129362	23129362	5	23129362,23135174,23138209,23139846,23140625,	23131211,23135273,23138281,23139881,23140812,		ENST00000466332.1
uc065cuz.1	chrY	-	23129862	23198923	23130279	23198800	21	23129862,23159963,23162348,23164739,23167184,23168656,23168885,23169385,23169997,23170363,23179496,23179725,23180225,23180837,23181203,23190344,23190573,23191073,23191685,23192051,23198797,	23130356,23160024,23162420,23164811,23167256,23168796,23168949,23169437,23170089,23170510,23179636,23179789,23180277,23180929,23181350,23190484,23190637,23191125,23191777,23192198,23198923,	Q9NQZ3	ENST00000382510.8
uc065cvb.1	chrY	-	23131003	23198987	23135209	23198800	21	23131003,23135174,23137480,23138209,23140625,23143010,23152796,23155173,23157569,23159952,23162348,23164739,23167184,23178020,23188868,23190344,23190573,23191073,23191685,23192051,23198797,	23131211,23135275,23137513,23138281,23140697,23143082,23152868,23155245,23157641,23160024,23162420,23164811,23167256,23178092,23188940,23190484,23190637,23191125,23191777,23192198,23198987,	A0A087X2D7	ENST00000620725.1
uc065cva.1	chrY	-	23130709	23199008	23135209	23198800	16	23130709,23135174,23139846,23140625,23143010,23152796,23157569,23162348,23164739,23167184,23190344,23190573,23191073,23191685,23192051,23198797,	23131211,23135273,23139881,23140697,23143082,23152868,23157641,23162420,23164811,23167256,23190484,23190637,23191125,23191777,23192198,23199008,	A0A0A0MSR9	ENST00000426000.6
uc033fhe.2	chrY	-	23129361	23199010	23135209	23198800	17	23129361,23135174,23139846,23140625,23152796,23155173,23157569,23159952,23162348,23164739,23167184,23190344,23190573,23191073,23191685,23192051,23198797,	23131211,23135273,23139881,23140697,23152868,23155245,23157641,23160024,23162420,23164811,23167256,23190484,23190637,23191125,23191777,23192198,23199010,		ENST00000540248.5
uc004fvl.4	chrY	-	23129354	23199094	23135209	23198800	28	23129354,23135174,23139846,23140625,23143010,23152796,23155173,23157569,23159952,23162348,23164739,23167184,23168656,23168885,23169385,23169997,23170363,23179496,23179725,23180225,23180837,23181203,23190344,23190573,23191073,23191685,23192051,23198797,	23131211,23135273,23139881,23140697,23143082,23152868,23155245,23157641,23160024,23162420,23164811,23167256,23168796,23168949,23169437,23170089,23170510,23179636,23179789,23180277,23180929,23181350,23190484,23190637,23191125,23191777,23192198,23199094,	Q9NQZ3	ENST00000405239.5
uc022con.2	chrY	+	23219547	23289999	23219740	23285501	24	23219547,23226343,23226764,23227416,23227904,23228057,23229597,23232040,23234431,23241605,23243989,23246385,23248762,23255917,23265706,23268090,23270475,23272859,23275243,23277627,23280012,23280828,23285437,23289499,	23219743,23226490,23226856,23227468,23227968,23228197,23229669,23232112,23234503,23241677,23244061,23246457,23248834,23255989,23265778,23268162,23270547,23272931,23275315,23277699,23280084,23280863,23285536,23289999,	Q13117	ENST00000382433.4
uc065cvh.1	chrY	+	23219474	23291352	23219740	23285501	28	23219474,23226343,23226764,23227416,23227904,23228057,23229597,23232040,23234431,23236827,23239209,23241605,23243989,23246385,23248762,23251144,23253540,23255917,23265706,23268090,23270475,23272859,23275243,23277627,23280012,23280828,23285437,23289499,	23219743,23226490,23226856,23227468,23227968,23228197,23229669,23232112,23234503,23236899,23239281,23241677,23244061,23246457,23248834,23251216,23253612,23255989,23265778,23268162,23270547,23272931,23275315,23277699,23280084,23280863,23285536,23291352,	E9PBY2	ENST00000382440.5
uc004fvs.3	chrY	+	23219433	23291356	23219740	23285501	19	23219433,23226343,23226764,23227416,23227904,23228057,23229597,23232040,23234431,23236827,23241605,23246385,23248762,23253540,23255917,23280012,23280828,23285437,23289499,	23219743,23226490,23226856,23227468,23227968,23228197,23229669,23232112,23234503,23236899,23241677,23246457,23248834,23253612,23255989,23280084,23280863,23285536,23291356,	E7ENA6	ENST00000400493.6
uc065cvc.1	chrY	+	23219433	23291356	23219740	23285501	17	23219433,23226343,23226764,23227416,23227904,23228057,23229597,23232040,23234431,23236827,23239209,23241605,23248762,23280012,23280828,23285437,23289499,	23219743,23226490,23226856,23227468,23227968,23228197,23229669,23232112,23234503,23236899,23239281,23241677,23248834,23280084,23280863,23285536,23291356,		ENST00000449947.5
uc065cvd.1	chrY	+	23219446	23291356	23219740	23285501	23	23219446,23226343,23226764,23227416,23227904,23228057,23229597,23232040,23234431,23241605,23243989,23253540,23255917,23265706,23268090,23270475,23272859,23275243,23277627,23280012,23280828,23285437,23289499,	23219743,23226490,23226856,23227468,23227968,23228197,23229669,23232112,23234503,23241677,23244061,23253612,23255989,23265778,23268162,23270547,23272931,23275315,23277699,23280084,23280863,23285536,23291356,	Q13117	ENST00000382449.5
uc065cve.1	chrY	+	23219456	23291356	23219740	23285501	16	23219456,23226343,23226764,23227416,23227904,23228057,23229597,23232040,23239209,23265706,23268090,23270475,23280012,23280828,23285437,23289499,	23219743,23226490,23226856,23227468,23227968,23228197,23229669,23232112,23239281,23265778,23268162,23270547,23280084,23280863,23285536,23291356,	E7EU39	ENST00000382294.6
uc065cvf.1	chrY	+	23219456	23291356	23219740	23285501	23	23219456,23226343,23226764,23227416,23227904,23228057,23229597,23232040,23234431,23236827,23239209,23241605,23248762,23265706,23268090,23270475,23272859,23275243,23277627,23280012,23280828,23285437,23289499,	23219743,23226490,23226856,23227468,23227968,23228197,23229669,23232112,23234503,23236899,23239281,23241677,23248834,23265778,23268162,23270547,23272931,23275315,23277699,23280084,23280863,23285536,23291356,	Q13117	ENST00000382306.6
uc065cvg.1	chrY	+	23219456	23291356	23219740	23285501	24	23219456,23226343,23226764,23227416,23227904,23228057,23229597,23232040,23234431,23236827,23239209,23241605,23248762,23255917,23265706,23268090,23270475,23272859,23275243,23277627,23280012,23280828,23285437,23289499,	23219743,23226490,23226856,23227468,23227968,23228197,23229669,23232112,23234503,23236899,23239281,23241677,23248834,23255989,23265778,23268162,23270547,23272931,23275315,23277699,23280084,23280863,23285536,23291356,	Q13117	ENST00000382424.8
uc004fvw.4	chrY	+	23219456	23291356	23219740	23285501	21	23219456,23226343,23226764,23227416,23227904,23228057,23229597,23232040,23234431,23236827,23239209,23241605,23243989,23246385,23248762,23253540,23255917,23280012,23280828,23285437,23289499,	23219743,23226490,23226856,23227468,23227968,23228197,23229669,23232112,23234503,23236899,23239281,23241677,23244061,23246457,23248834,23253612,23255989,23280084,23280863,23285536,23291356,	I3L0B6	ENST00000382431.8
uc065cvi.1	chrY	-	23423098	23423236	23423098	23423098	1	23423098,	23423236,		ENST00000516116.1
uc065cvj.1	chrY	-	23740941	23741105	23740941	23740941	1	23740941,	23741105,		ENST00000516872.1
uc004fvy.1	chrY	-	23936726	23941622	23936726	23936726	3	23936726,23939185,23941518,	23936831,23939320,23941622,		ENST00000631331.1
uc065cvk.1	chrY	-	23946617	23946771	23946617	23946617	1	23946617,	23946771,		ENST00000516108.1
uc004fvz.4	chrY	-	24045228	24047969	24045603	24047688	2	24045228,24046096,	24045676,24047969,	Q9Y6F8	ENST00000306882.4
uc004fwa.4	chrY	-	24045792	24048019	24046065	24047688	1	24045792,	24048019,	Q9Y6F8	ENST00000382407.1
uc065cvl.1	chrY	+	24172085	24172151	24172085	24172085	1	24172085,	24172151,		ENST00000621346.1
uc004fwc.2	chrY	-	24183433	24187231	24183433	24183433	2	24183433,24186508,	24183505,24187231,		ENST00000306853.1
uc065cvm.1	chrY	-	24196424	24206144	24196514	24206132	4	24196424,24204476,24206047,24206099,	24196679,24204626,24206098,24206144,	A0A096LPA0	ENST00000624333.1
uc065cvn.1	chrY	-	24210049	24210132	24210049	24210049	1	24210049,	24210132,		ENST00000516761.1
uc065cvo.1	chrY	-	24210957	24211216	24210957	24210957	1	24210957,	24211216,		ENST00000485099.3
uc065cvp.1	chrY	-	24213353	24213419	24213353	24213353	1	24213353,	24213419,		ENST00000620198.1
uc065cvq.1	chrY	-	24362030	24362436	24362331	24362409	1	24362030,	24362436,	A0A096LNI8	ENST00000624575.1
uc004fwg.3	chrY	+	24485331	24486463	24485331	24485331	2	24485331,24486357,	24485391,24486463,		ENST00000441906.1
uc004fwh.3	chrY	+	24570201	24607025	24570201	24570201	4	24570201,24597368,24599248,24606024,	24570362,24597444,24599356,24607025,		ENST00000420149.1
uc065cvr.1	chrY	+	24607559	24626117	24626084	24626117	5	24607559,24617888,24618309,24621497,24626043,	24607715,24617957,24618432,24621634,24626117,	R4GMN0	ENST00000602770.5
uc065cvt.1	chrY	+	24626084	24632010	24626084	24632010	4	24626084,24628221,24631193,24631991,	24626162,24628339,24631299,24632010,	O14599	ENST00000615850.1
uc065cvs.1	chrY	+	24618027	24639148	24618027	24618027	8	24618027,24618309,24621497,24626043,24631193,24631991,24638666,24638885,	24618034,24618432,24621634,24626162,24631299,24632116,24638796,24639148,		ENST00000602549.1
uc004fwi.4	chrY	+	24618003	24639207	24626084	24632010	9	24618003,24618309,24621497,24626043,24628221,24631193,24631991,24638666,24638885,	24618034,24618432,24621634,24626162,24628339,24631299,24632116,24638791,24639207,	O14599	ENST00000382392.5
uc065cvu.1	chrY	-	24763068	24813469	24768933	24813185	16	24763068,24768898,24773569,24774349,24784136,24788893,24793649,24798422,24800812,24803255,24804727,24804956,24805456,24806068,24806434,24813182,	24764925,24768997,24773604,24774421,24784208,24788965,24793721,24798494,24800884,24803327,24804867,24805020,24805508,24806160,24806581,24813469,	E7ETR3	ENST00000315357.9
uc004fwk.4	chrY	-	24763068	24813479	24768933	24813185	19	24763068,24768898,24773569,24774349,24784136,24786513,24788893,24791270,24793649,24796026,24798422,24800812,24803255,24804727,24804956,24805456,24806068,24806434,24813182,	24764925,24768997,24773604,24774421,24784208,24786585,24788965,24791342,24793721,24796098,24798494,24800884,24803327,24804867,24805020,24805508,24806160,24806581,24813479,	Q9NR90	ENST00000382365.6
uc033fhp.1	chrY	-	24763068	24813492	24768933	24813185	17	24763068,24768898,24773569,24774349,24788893,24791270,24793649,24796026,24798422,24800812,24803255,24804727,24804956,24805456,24806068,24806434,24813182,	24764925,24768997,24773604,24774421,24788965,24791342,24793721,24796098,24798494,24800884,24803327,24804867,24805020,24805508,24806160,24806581,24813492,	E7ERQ6	ENST00000446723.4
uc065cwa.1	chrY	+	24834126	24905240	24834126	24901175	26	24834126,24840730,24841151,24841803,24842291,24842444,24851578,24851999,24852651,24853139,24853292,24854832,24857275,24859665,24862061,24864445,24866841,24869218,24871598,24873975,24883763,24893302,24895687,24896504,24901111,24905183,	24834129,24840877,24841243,24841855,24842355,24842584,24851725,24852091,24852703,24853203,24853432,24854904,24857347,24859737,24862133,24864517,24866913,24869290,24871670,24874047,24883835,24893374,24895759,24896539,24901210,24905240,	E7EU38	ENST00000382296.4
uc284rck.1	chrY	+	24834126	24905240	24834126	24901175	23	24834126,24840730,24841151,24841803,24842291,24842444,24851578,24851999,24852651,24853139,24853292,24854832,24857275,24859665,24862061,24864445,24866841,24869218,24893302,24895687,24896504,24901111,24905183,	24834129,24840877,24841243,24841855,24842355,24842584,24851725,24852091,24852703,24853203,24853432,24854904,24857347,24859737,24862133,24864517,24866913,24869290,24893374,24895759,24896539,24901210,24905240,		ENST00000634662.1
uc065cvz.1	chrY	+	24833939	24905391	24834126	24901175	21	24833939,24840730,24841151,24841803,24842291,24842444,24854832,24857275,24859665,24862061,24864445,24866841,24869218,24871598,24873975,24883763,24886148,24895687,24896504,24901111,24905183,	24834129,24840877,24841243,24841855,24842355,24842584,24854904,24857347,24859737,24862133,24864517,24866913,24869290,24871670,24874047,24883835,24886220,24895759,24896539,24901210,24905391,	A0A0A0MSS9	ENST00000440066.6
uc065cvy.1	chrY	+	24833933	24905683	24834126	24901175	24	24833933,24840730,24841151,24841803,24842291,24842444,24854832,24857275,24859665,24862061,24864445,24866841,24869218,24871598,24873975,24883763,24886148,24888533,24890917,24893302,24895687,24896504,24901111,24905183,	24834129,24840877,24841243,24841855,24842355,24842584,24854904,24857347,24859737,24862133,24864517,24866913,24869290,24871670,24874047,24883835,24886220,24888605,24890989,24893374,24895759,24896539,24901210,24905683,	E7ENA5	ENST00000382432.9
uc065cvx.1	chrY	+	24833916	24907036	24834126	24901175	24	24833916,24840730,24841151,24841803,24842291,24842444,24851578,24851999,24852651,24853139,24853292,24854832,24857275,24859665,24862061,24864445,24866841,24869218,24871598,24873975,24895687,24896504,24901111,24905183,	24834129,24840877,24841243,24841855,24842355,24842584,24851725,24852091,24852703,24853203,24853432,24854904,24857347,24859737,24862133,24864517,24866913,24869290,24871670,24874047,24895759,24896539,24901210,24907036,		ENST00000382314.6
uc065cvv.2	chrY	+	24833916	24907036	24834126	24901175	17	24833916,24840730,24841151,24841803,24842291,24842444,24854832,24857275,24859665,24862061,24864445,24866841,24869218,24895687,24896504,24901111,24905183,	24834129,24840877,24841243,24841855,24842355,24842584,24854904,24857347,24859737,24862133,24864517,24866913,24869290,24895759,24896539,24901210,24907036,	Q86SG3	ENST00000449750.7
uc065cvw.1	chrY	+	24833842	24907040	24834126	24901175	16	24833842,24840730,24841151,24841803,24842291,24842444,24854832,24857275,24864445,24883763,24886148,24888533,24895687,24896504,24901111,24905183,	24834129,24840877,24841243,24841855,24842355,24842584,24854904,24857347,24864517,24883835,24886220,24888605,24895759,24896539,24901210,24907040,	E7EU39	ENST00000415508.6
uc065cwc.1	chrY	-	25038097	25044023	25038097	25044023	4	25038097,25038808,25041768,25043945,	25038116,25038914,25041886,25044023,	O14599	ENST00000618574.1
uc065cwb.1	chrY	-	25030959	25052080	25030959	25030959	8	25030959,25031311,25037991,25038808,25043945,25048473,25051675,25052073,	25031222,25031441,25038116,25038914,25044064,25048610,25051798,25052080,		ENST00000602559.5
uc004fws.4	chrY	-	25030900	25052104	25038097	25044023	9	25030900,25031316,25037991,25038808,25041768,25043945,25048473,25051675,25052073,	25031222,25031441,25038116,25038914,25041886,25044064,25048610,25051798,25052104,	O14599	ENST00000382287.5
uc065cwd.1	chrY	-	25043990	25062548	25043990	25044023	5	25043990,25048473,25051675,25052150,25062392,	25044064,25048610,25051798,25052219,25062548,	R4GMN0	ENST00000602680.1
uc011nbv.2	chrY	-	25063082	25099892	25063082	25063082	4	25063082,25070733,25072645,25099731,	25064083,25070841,25072721,25099892,		ENST00000456123.1
uc004fwt.3	chrY	-	25183642	25184773	25183642	25183642	2	25183642,25184713,	25183748,25184773,		ENST00000421387.1
uc065cwe.1	chrY	+	25307701	25308107	25307728	25307806	1	25307701,	25308107,	A0A096LNI8	ENST00000624491.1
uc065cwg.1	chrY	-	25378670	25391610	25378670	25378670	4	25378670,25378819,25386916,25391260,	25378815,25378878,25387085,25391610,		ENST00000611754.1
uc065cwf.1	chrY	-	25378299	25394719	25378299	25378299	3	25378299,25386916,25394625,	25378878,25387085,25394719,		ENST00000427373.5
uc065cwh.1	chrY	+	25456722	25456788	25456722	25456722	1	25456722,	25456788,		ENST00000616095.1
uc065cwi.1	chrY	+	25458925	25459184	25458925	25458925	1	25458925,	25459184,		ENST00000606439.2
uc065cwj.1	chrY	+	25460009	25460092	25460009	25460009	1	25460009,	25460092,		ENST00000516662.1
uc065cwk.1	chrY	+	25463993	25473714	25464005	25473624	4	25463993,25464039,25465511,25473459,	25464038,25464090,25465661,25473714,	A0A096LPA0	ENST00000623198.1
uc004fxc.2	chrY	+	25482907	25486705	25482907	25482907	2	25482907,25486633,	25483630,25486705,		ENST00000306641.1
uc065cwl.1	chrY	-	25497993	25498059	25497993	25497993	1	25497993,	25498059,		ENST00000612245.1
uc004fxe.4	chrY	+	25622161	25624338	25622442	25624065	1	25622161,	25624338,	Q9Y6F8	ENST00000361963.3
uc004fxf.4	chrY	+	25622161	25624902	25622442	25624527	2	25622161,25624454,	25624034,25624902,	Q9Y6F8	ENST00000306609.4
uc065cwm.1	chrY	+	25723341	25723495	25723341	25723341	1	25723341,	25723495,		ENST00000516617.1
uc004fxg.1	chrY	+	25728489	25733388	25728489	25728489	3	25728489,25730791,25733283,	25728593,25730926,25733388,		ENST00000417334.1
uc065cwn.1	chrY	+	25928978	25929142	25928978	25928978	1	25928978,	25929142,		ENST00000516816.1
uc065cwo.1	chrY	+	26247383	26247521	26247383	26247383	1	26247383,	26247521,		ENST00000515987.1
uc022cpe.1	chrY	+	26360988	26361092	26360988	26360988	1	26360988,	26361092,		ENST00000517139.1
uc065cwp.1	chrY	-	26411058	26411158	26411058	26411058	1	26411058,	26411158,		ENST00000620883.1
uc004fxi.2	chrY	+	56954331	56968979	56960391	56961258	2	56954331,56960285,	56954656,56968979,	O43610	ENST00000302805.7
uc065cws.1	chrY	+	57067891	57126310	57067891	57067891	7	57067891,57075977,57082142,57084631,57087016,57106332,57126220,	57067968,57076128,57082200,57084769,57087107,57106400,57126310,		ENST00000463317.6
uc065cwq.1	chrY	+	57067877	57128429	57067877	57067877	8	57067877,57075977,57082142,57084631,57087016,57106332,57126220,57128402,	57067968,57076153,57082200,57084769,57087107,57106400,57126313,57128429,		ENST00000479687.6
uc065cwr.1	chrY	+	57067879	57128464	57075986	57084665	7	57067879,57075977,57084631,57087016,57106332,57126220,57128402,	57067968,57076132,57084769,57087107,57106400,57126313,57128464,	E5RH06	ENST00000488344.6
uc004fxl.4	chrY	+	57067897	57128509	57075986	57128471	7	57067897,57075977,57084631,57087016,57106332,57126220,57128402,	57067968,57076067,57084769,57087107,57106400,57126313,57128509,	P51809	ENST00000460621.6
uc004fxj.4	chrY	+	57067812	57130289	57075986	57128471	8	57067812,57075977,57082142,57084631,57087016,57106332,57126220,57128402,	57067968,57076132,57082200,57084769,57087107,57106400,57126313,57130289,	P51809	ENST00000286448.11
uc004fxk.4	chrY	+	57067894	57130289	57075986	57128659	7	57067894,57075977,57082142,57084631,57087016,57126220,57128402,	57067968,57076132,57082200,57084769,57087107,57126313,57130289,	P51809	ENST00000262640.11
uc065cwt.1	chrY	+	57184253	57189490	57184253	57184253	3	57184253,57187849,57189425,	57184307,57188028,57189490,		ENST00000489233.6
uc065cwv.1	chrY	+	57192633	57194566	57192633	57192633	3	57192633,57194042,57194418,	57192708,57194127,57194566,		ENST00000494962.6
uc004fxn.2	chrY	+	57184100	57197128	57184279	57196929	9	57184100,57189425,57189968,57190196,57190939,57191797,57192602,57194042,57196335,	57184307,57189539,57190080,57190375,57191085,57191999,57192708,57194127,57197128,	Q01113	ENST00000244174.10
uc004fxm.2	chrY	+	57184225	57197337	57184263	57196372	9	57184225,57187927,57189401,57189968,57190203,57190968,57191797,57192602,57196335,	57184307,57188028,57189539,57190080,57190375,57191085,57191999,57192708,57197337,	Q01113	ENST00000369423.7
uc065cww.1	chrY	-	57201142	57203357	57201142	57201142	2	57201142,57203181,	57202020,57203357,		ENST00000399966.9
uc065cwu.1	chrY	+	57190737	57208756	57190737	57190737	4	57190737,57194042,57208210,57208518,	57191085,57194127,57208312,57208756,		ENST00000483543.7
uc065cwx.1	chrY	+	57209150	57209218	57209150	57209150	1	57209150,	57209218,		ENST00000616415.5
